TN	hand	digit	Corr	TargetX	TargetY	EnsPercent	RawX	RawY	RawZ	ForceX	ForceY	ForceZ	RT	MT	EnsForce	measStartTime	measEndTime
1.0	2.0	5.0	1.0	0.21	0.21	0.0	-0.058797719415977896	0.059660494349676574	0.055445230792706246	0.17661974316293974	0.1793375450583249	0.10897702906843709	50.41195220837835	5351.443209379795	0.0014571993056631668	0.05470085307024419	13090.05986826378
2.0	2.0	5.0	1.0	0.7	0.0	0.0	-0.2187886028299788	-0.002696856817430926	0.14561610742351405	0.6561068543013581	-0.00705475369797981	0.4677936186770424	33.306627155980095	6149.965702556074	0.0018100392378632797	18128.45148780616	31440.786131643108
3.0	2.0	5.0	1.0	0.64	-0.64	0.0	-0.20933315822003798	-0.19745006125120446	0.1392750499732951	0.6287439679522765	-0.5919941217443182	0.3518146211947768	17.12282933294773	5697.687648571446	0.0015827606697139801	36496.37023295509	49410.785989428405
4.0	2.0	5.0	1.0	0.35	0.35	0.0	-0.1051036182520341	0.1088314278009399	0.060543233386741946	0.3139837145396386	0.32613822139352455	0.2186633463035086	26.86067725881003	7594.183037115727	0.0015829013401084957	54480.00227555167	69362.9103339772
5.0	2.0	5.0	1.0	0.07	-0.07	0.0	-0.01511872092330988	-0.017746096016039825	0.005448410772873391	0.04351111417630925	-0.05184640928451101	0.03168054932480002	17.2913080023136	3984.282253542915	0.0016751345792885763	74415.72110143898	84862.69645359425
6.0	2.0	5.0	1.0	-0.21	0.21	0.0	0.06021441462265828	0.058467544193737786	-0.02855122301060331	-0.1816466913487156	0.1751760476662073	-0.06661040970473286	26.934341090964153	8311.682609535637	0.016281603486183353	89916.36638929776	104902.94024439936
7.0	2.0	5.0	1.0	-0.49	0.49	0.0	0.15017970480340398	0.15518455556509214	-0.09092659494926081	-0.4513807155230914	0.4658773594309994	-0.30422862897687364	367.0453546656063	8802.883610784193	0.003768025732789217	109951.01428165799	125865.15252241225
8.0	2.0	5.0	1.0	-0.35	-0.35	0.0	0.11464148798019942	-0.10296140246340402	-0.08646900129701551	-0.34301812428057443	-0.307395220805887	-0.2810137788967686	772.4225226120325	8357.323917007307	0.0037604526918634438	130935.71299112227	146066.1450149055
9.0	2.0	5.0	1.0	-0.07	-0.07	0.0	0.01874705322067128	-0.010453898590740085	0.007255817502099138	-0.05688854513345978	-0.03149117286650904	-0.007529869535359612	25.92565714439843	3966.6255437768996	0.003896256088958006	151120.22083102784	161689.7078864422
10.0	2.0	5.0	1.0	0.3	0.0	0.0	-0.08509230320778913	-0.0024241564773404	0.08095884031433953	0.25624798783053593	-0.007337207979165594	0.17077764248112826	16.451102710561827	7234.4435299310135	0.0033527156157456724	166738.0875191884	181023.94439182535
11.0	2.0	5.0	1.0	-0.35	0.35	0.0	0.10293891660803296	0.11452078080109973	-0.06857939726863171	-0.30884911909767127	0.3424941563754137	-0.1677890043488106	17.218738183146343	8534.548883792013	0.20181204291731505	186088.31418133923	202352.12915821467
12.0	2.0	5.0	1.0	0.07	0.07	0.0	-0.02324033566691542	0.011281166589291236	0.026447357900359014	0.06845860533142709	0.03452325451289151	0.008753838406959646	27.421543461969122	5828.279398891027	0.009689251185820057	207389.62623628322	219586.9399132789
13.0	2.0	5.0	1.0	0.07	0.07	0.0	-0.019919317252849338	0.01187618289199932	0.017498545815210154	0.05891635064566856	0.03582276431743181	0.0011795468070405768	16.07439610233996	4068.1984853727045	0.009631185388705821	224657.85010285617	235054.46091020713
14.0	2.0	5.0	1.0	-0.5	0.0	0.0	0.15225011259553756	0.0033290459939168127	-0.08240095216296783	-0.45639427577731734	0.011055324009635603	-0.308589901579313	22.65965085825883	10551.435405388474	0.03860446928788919	240109.55489176558	257788.64862243063
15.0	2.0	5.0	1.0	-0.0	-0.9	0.0	-0.006868349841240067	-0.2890219247974029	-0.006575509269854951	0.020540310976575642	-0.8670657743922088	-0.03483295948729426	27.134910924360156	7912.046844357974	0.015560999652343921	262843.3356295427	278074.80452644813
16.0	2.0	5.0	1.0	0.1	0.0	0.0	-0.01869764907739352	-0.002385511880596214	0.0020328007934704573	0.056254793600041875	-0.006994689273927324	0.04102630350194936	16.733359167119488	5167.752235705848	0.015100664826708843	283110.3418548737	295074.75894239906
17.0	2.0	5.0	1.0	-0.35	-0.35	0.0	0.10877185107395233	-0.10786339662138389	-0.0777165423056374	-0.32560342920326685	-0.32229541892126046	-0.2361709132524581	22.408391552744433	8067.205117666163	0.014850733494146952	300129.28658767487	315142.42719404865
18.0	2.0	5.0	1.0	0.7	0.0	0.0	-0.21772893639489754	0.0034955751166886317	0.15416265506981253	0.6528307471753975	0.01013066334077073	0.36177842069124155	27.149497822392732	7395.291422508308	0.014765523096735872	320214.2330191127	335566.0886730184
19.0	2.0	5.0	1.0	-0.49	0.49	0.0	0.14668022379437604	0.1572273243134964	-0.0890475318532058	-0.4395875015531162	0.47207040422335655	-0.33530464637216006	26.968984966515563	10011.409141676268	0.014011894786119328	340615.4715196317	357911.5253627824
20.0	2.0	5.0	1.0	-0.5	0.0	0.0	0.1556191324843597	-0.0007191503089054585	-0.09790674296177149	-0.46624238125520573	-0.0016719118231320884	-0.3329511741817208	249.93153275863733	5683.9044893713435	0.015400445869834545	362966.4515950135	375362.575200008
21.0	2.0	5.0	1.0	-0.64	-0.64	0.0	0.2047836352399378	-0.198748241757581	-0.13958535133897398	-0.6155809381155604	-0.59592103253702	-0.38510991073470646	16.627239499939606	10484.787142529967	0.01482151864997089	380417.1597341774	398047.35745592916
22.0	2.0	5.0	1.0	0.35	-0.35	0.0	-0.10466324075893786	-0.1065632480631814	0.06808006713969705	0.3123065200510549	-0.32053134530242366	0.24667554131380376	16.651672558509745	8251.252740970813	0.0149412804586356	403087.6526655484	418281.3462393242
23.0	2.0	5.0	1.0	0.0	0.3	0.0	-0.015209915956720768	0.09678719227236032	0.02859651789120221	0.04682741099233692	0.2911060701092435	0.03914272373540584	15.445700817508623	8479.123415003414	0.014715339160905713	423320.0996139203	438516.34261266736
24.0	2.0	5.0	1.0	0.7	0.0	0.0	-0.2179207523941838	-0.008440745569708308	0.1464164858472563	0.654506750474714	-0.024577743416962394	0.3671048020141885	16.97732503816951	11369.0835088928	0.018463566318807537	443554.3017306918	463123.3723301848
25.0	2.0	5.0	1.0	-0.07	0.07	0.0	0.020410721668805008	0.008462791202961228	7.03746089882884e-05	-0.06149111919499327	0.026100497627474017	-0.058749736781870565	22.95430618687533	8034.5293738209875	0.018016412432194907	468192.69254794926	482618.50048883935
26.0	2.0	5.0	1.0	0.0	0.1	0.0	-0.009360365263701128	0.02074268799085155	0.027565166704814015	0.027012909763217886	0.0630372958118619	-0.04369497825589397	16.70856145210564	8083.764163427986	0.01906922652383778	487674.435040346	502536.7292602605
27.0	2.0	5.0	1.0	-0.5	0.0	0.0	0.15322456152306063	-0.0052689279272932765	-0.09456979018844969	-0.45892919127701937	-0.01668075416833148	-0.27826189974822846	22.99989023595117	8735.392589922412	0.018051728315012155	507591.7619768443	523470.82675251295
28.0	2.0	5.0	1.0	0.0	0.7	0.0	-0.00034448244116250937	0.21967311265190492	0.0033684351873031204	0.0020692640778006625	0.6583719524842692	0.0158274387731705	22.664756266749464	8634.619739634218	0.018128702026821614	528526.5486999851	544505.0902801304
29.0	2.0	5.0	1.0	0.9	0.0	0.0	-0.2832630253340035	0.0035312762674826192	0.18418557412070147	0.8498214452755827	0.010108289698863904	0.5452781689173802	2266.764812171459	10651.26958883775	0.01889198383371561	549562.4408546864	567123.6553159833
30.0	2.0	5.0	1.0	-0.0	-0.3	0.0	0.005085601309488735	-0.08454323400993902	-0.019136052491029343	-0.014997849739887797	-0.25382391767125057	0.014232950331901417	16.513461698195897	4917.8557115083095	0.018651877849390656	572179.326938669	584207.767376909
31.0	2.0	5.0	1.0	-0.0	-0.3	0.0	0.010156014955817354	-0.09012793067478153	-0.014298814373997715	-0.03127727670675915	-0.26944508309074855	-0.08391269398031298	16.525860570254736	7734.496589779155	0.01838213491098971	589279.9167234043	603748.1619597675
32.0	2.0	5.0	1.0	0.07	0.07	0.0	-0.01081622297550069	0.014272285998914946	0.02141633020523659	0.033549224227959765	0.04171630269528681	0.027444229800878128	27.062705790740438	7801.092339796014	0.01819993542566474	608798.7456726987	622592.9617491347
33.0	2.0	5.0	1.0	0.64	-0.64	0.0	-0.20545014879411305	-0.20221582824237905	0.09617535667964305	0.6155412145430321	-0.6062266841706976	0.3319685053788237	17.18628233356867	7584.996938574477	0.017966669481886476	627633.3047308581	642610.982766666
34.0	2.0	5.0	1.0	-0.0	-0.7	0.0	-0.012083872783041667	-0.2222820717859273	0.005501518272684525	0.03401813847263741	-0.6673317544613662	-0.020895307850749223	17.053176896297373	6601.328428732813	0.018643905470431266	647650.9625346371	661295.465626521
35.0	2.0	5.0	1.0	0.35	-0.35	0.0	-0.11141062015098373	-0.10074837996781849	0.060645633630892704	0.33445844536795705	-0.3029248946484733	0.13139902037081974	22.175365869770758	7906.771857640706	0.018214402070318266	666368.1357252353	681196.5934489417
36.0	2.0	5.0	1.0	-0.5	0.0	0.0	0.15396867933164968	0.0027186564442078787	-0.09644002136262197	-0.461323391070648	0.007314368219744183	-0.3676446234836084	16.697256607585587	8975.323710605153	0.02780647992447747	686253.2562513079	702047.3924644757
37.0	2.0	5.0	1.0	0.3	0.0	0.0	-0.08459951338692477	-0.004497861619479182	0.05491588311590068	0.2542840792643586	-0.012943307207708865	0.09846245822845234	26.962420874042436	6695.176878900384	0.014692717416441181	707087.8138507687	720898.9871952508
38.0	2.0	5.0	1.0	-0.9	0.0	0.0	0.2841841599100016	-0.005765861015177176	-0.15521315327687102	-0.8529085417393001	-0.01732995231910406	-0.597156969558239	16.756333541707136	14134.687751051388	0.014672791902075733	725971.0027069523	747432.6014235994
39.0	2.0	5.0	1.0	0.0	0.7	0.0	-0.0012306020949616684	0.22057205053803708	0.0042032257572302	0.003173897907728521	0.6610040275955209	0.06072137331197425	26.905896651442163	8711.466796390596	0.013837708975914617	752490.0293087121	768307.4648081965
40.0	2.0	5.0	1.0	-0.0	-0.7	0.0	-0.0011378490205161147	-0.21770359341164391	-0.012935066758218206	0.003931455438704828	-0.6533049958763656	-0.05999998168916654	50.65518873743713	10107.613011088688	0.01393688805953075	773360.8893193596	790535.9404737828
41.0	2.0	5.0	1.0	0.35	0.35	0.0	-0.10514666938588531	0.10924972081764861	0.04806303196765427	0.31527816178979445	0.3271341462550724	0.1769654749370666	16.495228075655177	8901.529326773016	0.02211307928617874	795592.7546151943	811570.303192304
42.0	2.0	5.0	1.0	-0.64	-0.64	0.0	0.20079756636286178	-0.2045775206535414	-0.16585625391012226	-0.6027487610978806	-0.613376499951329	-0.4564151796749767	16.71293751860503	11184.34629002877	0.022439515042546793	816607.4866520794	835036.4158243028
43.0	2.0	5.0	1.0	-0.07	-0.07	0.0	0.01181072790492929	-0.016103092112161543	-0.020040131227582636	-0.033619504394740006	-0.04811506069505078	0.04502952620738676	16.615205313428305	4817.232376924949	0.022357729653020155	840062.3513276078	851637.457620498
44.0	2.0	5.0	1.0	-0.49	-0.49	0.0	0.14902804489283028	-0.15732737989605905	-0.09617547264819803	-0.4480552128856594	-0.47185266259388803	-0.3524312016479585	16.77711987576913	8500.817413267214	0.022929712506959694	856677.0559411088	872271.6554341459
45.0	2.0	5.0	1.0	0.64	0.64	0.0	-0.2042952390084728	0.2006458062606411	0.142810785076684	0.6129180862989907	0.602811389168375	0.38137353170064037	16.668082811520435	16368.95733223355	0.02084280621764829	877294.6899682574	900642.4328464782
46.0	2.0	5.0	1.0	-0.0	-0.3	0.0	0.0021868379112215423	-0.08463730775074918	-0.00995853208208608	-0.006689990827953748	-0.25339401487509106	-0.011747878232982956	16.613381943898275	7817.510257315007	0.019810859029626173	905699.6277059079	920226.622400296
47.0	2.0	5.0	1.0	-0.1	0.0	0.0	0.020689106053332865	0.00047499535220241196	-0.021680585946433073	-0.0612904555942637	0.001489724603751963	-0.04503718013273028	17.041872051777318	7634.404947588337	0.18102009430670501	925284.7584792617	939361.6591428581
48.0	2.0	5.0	1.0	0.5	0.0	0.0	-0.15167952430461773	-0.005520903300492042	0.1049476218814469	0.4546825109045582	-0.016595079175048322	0.258811737239671	26.92814166948665	7928.348066707258	0.022472223731898052	944419.4728514121	960063.1477721909
49.0	2.0	5.0	1.0	0.64	0.64	0.0	-0.20321209406029384	0.20255615446881303	0.145105961699864	0.6097981285487428	0.6063413231899754	0.4613192584115626	16.53643605823163	7473.714228821336	0.02362525052907425	965136.4881388436	979346.8519834714
50.0	2.0	5.0	1.0	-0.7	0.0	0.0	0.21808581410988692	-0.0005871095681548866	-0.1587770504310575	-0.6540955959617993	-0.00263529909091631	-0.4466676127259941	16.72168965160381	9950.47711917141	0.02317805288781899	984405.0752191542	1001598.2684623596
51.0	2.0	5.0	1.0	0.0	0.1	0.0	-0.0019370377532093499	0.018246205608633992	-0.0028496955825032533	0.005584528344622171	0.054706247552329446	-0.0017283039596864835	27.14475708489772	8928.862254833803	0.037226724171901295	1006635.3042297997	1021549.4205902069
52.0	2.0	5.0	1.0	0.21	0.21	0.0	-0.05669240891512698	0.06089356082532815	0.037740566109718765	0.16959168764179666	0.1824540975609784	0.06410290684369069	23.00098424893804	7140.91745018959	0.036230008763221744	1026608.541284746	1040950.4891533579
53.0	2.0	5.0	1.0	0.49	-0.49	0.0	-0.15713584874637818	-0.147419067569329	0.0674669413290685	0.4694330205512251	-0.4441669898487516	0.20427768368049914	26.957680136547424	9112.109786830842	0.035908299692951194	1046008.9559902262	1063151.7201416136
54.0	2.0	5.0	1.0	0.0	0.9	0.0	0.0037704204606344638	0.2857846176406964	0.009401376363781022	-0.011019937919752785	0.8569330523656497	0.05347306935227225	27.051765617216006	10478.76494198863	0.036491429232653014	1068210.0516850187	1086719.707663986
55.0	2.0	5.0	1.0	0.07	0.07	0.0	-0.010433734691261128	0.015625541745283522	0.008635642023349543	0.03126883480021085	0.045420007925097705	0.034833453879616005	905.7715611706953	7817.719943981501	0.036566868167669526	1091781.3146951667	1105571.0474887309
56.0	2.0	5.0	1.0	-0.0	-0.5	0.0	0.003220259339290466	-0.15174150067375936	-0.024663730830849273	-0.009854993659304912	-0.4545771165498328	-0.028671897459359608	16.528413267224096	7584.494419963448	0.036228683568322054	1110646.0343514045	1125105.2743667678
57.0	2.0	5.0	1.0	0.21	-0.21	0.0	-0.0634051488685472	-0.05549003282672893	0.022313542381936724	0.18937384549276215	-0.16634062138589734	0.03846729228657475	17.250464676180854	7251.508011671831	0.03540880611941119	1130164.2254886245	1144328.9195813413
58.0	2.0	5.0	1.0	-0.64	-0.64	0.0	0.20321984542233892	-0.20078288797628152	-0.15421377889677035	-0.6092063664370048	-0.6034492192303023	-0.4784344243533918	17.253382058697753	13501.816980380681	0.03660012184117625	1149384.4070444466	1170191.3950434392
59.0	2.0	5.0	1.0	-0.35	0.35	0.0	0.10493610941924933	0.10636815197749516	-0.07263863889524824	-0.31526149808775994	0.32020501123394285	-0.1921434287022239	22.13051116268616	9901.156996216741	0.03623292575388678	1175249.924603966	1192360.944020227
60.0	2.0	5.0	1.0	0.3	0.0	0.0	-0.08211956522965136	0.002598652757306197	0.05022826276035719	0.24681186551896583	0.0076664811776298025	0.09350923323415028	21.92957664374262	10917.458583237021	0.03638839670162166	1197419.1822074791	1215560.6561478053
61.0	2.0	5.0	1.0	-0.5	0.0	0.0	0.15083096595587203	-0.00427230388943145	-0.08938123445487123	-0.4533668682540679	-0.012914019489010942	-0.24337831082627548	16.733359181671403	9218.054786208086	0.03678506767542322	1220619.29802745	1236878.341630232
62.0	2.0	5.0	1.0	-0.07	0.07	0.0	0.012306828023504532	0.01100364106947438	-0.01364188296329849	-0.03698522261765816	0.03326987739700138	-0.021012625314706712	17.050624184776098	4234.686766430968	0.036700396174272204	1241937.7033732454	1252146.2172346364
63.0	2.0	5.0	1.0	-0.07	0.07	0.0	0.017703709531276993	0.010298025432820435	-0.03007588006408568	-0.05288454367882493	0.030149583006298775	-0.07805094071869267	16.690692500560544	5240.443485439755	0.036557325028501626	1257221.6712426888	1268546.6100597696
64.0	2.0	5.0	1.0	-0.0	-0.1	0.0	-8.372420507034777e-05	-0.01788589243476235	-0.0013441245136158742	0.000510126803789452	-0.052233429267106724	-0.03168172121766144	16.354099847376347	7400.7378052629065	0.03677429969849828	1273605.9929537878	1287681.326255275
65.0	2.0	5.0	1.0	-0.7	0.0	0.0	0.21761601078916196	0.003777218008068517	-0.15445435873960145	-0.6530746172824919	0.01207614731636808	-0.46418706340122595	16.598430374870077	13633.633300720248	0.03633259759847887	1292741.2765796036	1312614.6382431178
66.0	2.0	5.0	1.0	0.5	0.0	0.0	-0.15259437924154268	-0.0025440393189636312	0.10006484473945276	0.45732996789461594	-0.008150026334047378	0.27066832684825015	22.49883030890487	7907.194512998103	0.03650756593621876	1317659.1457839967	1333273.0575996393
67.0	2.0	5.0	1.0	-0.1	0.0	0.0	0.01759469844969176	-0.001229717334834679	-0.030313884184024475	-0.053496219367665604	-0.003494936363070189	-0.03935089951934301	16.891262333956547	9051.802812857204	0.03586912692862591	1338343.22932754	1354018.0531086954
68.0	2.0	5.0	1.0	0.0	0.7	0.0	-0.0031225904511646306	0.21830190274843375	0.014916774242770714	0.009820941183505981	0.6555530937167472	0.047634277866787755	22.409850236726925	11434.64577726263	0.03542905398573149	1359078.0832962773	1378269.267559066
69.0	2.0	5.0	1.0	0.64	-0.64	0.0	-0.21097090966979798	-0.19771352555858512	0.11011228198672329	0.6335601144808396	-0.5926226682985989	0.3318474891279428	800.1970689801965	10485.698094256804	0.03482625334897669	1383313.3553619701	1401104.551950688
70.0	2.0	5.0	1.0	-0.64	-0.64	0.0	0.21193617435543327	-0.197963722779688	-0.14813197833219283	-0.6360027387077335	-0.5938264297919196	-0.44375505607691723	16.435786470538005	14901.560323924059	0.035557857745134765	1406162.7106393427	1428272.2782946513
71.0	2.0	5.0	1.0	-0.7	0.0	0.0	0.22120302694573565	0.008632893893518068	-0.15316298771649195	-0.6631882802807673	0.02534840402982519	-0.522249320210588	16.785507323220372	14533.725818109815	0.03506618584768829	1433316.347134605	1455096.6684620653
72.0	2.0	5.0	1.0	0.0	0.3	0.0	-0.007035729196930602	0.08585670576113347	0.009809048599979553	0.020654017760779717	0.25698747035909886	0.06563680476079914	26.95986816252116	8217.790034002974	0.034029608093156985	1460151.8018282368	1475208.9241178618
73.0	2.0	5.0	1.0	-0.49	0.49	0.0	0.15733556716431948	0.14883274595969231	-0.08860126039521266	-0.4717477473043804	0.4463687607847878	-0.27225834744794053	16.494863404659554	9601.189488530508	0.035434376882320956	1480269.3601858628	1496332.225701597
74.0	2.0	5.0	1.0	-0.9	0.0	0.0	0.28698526305194993	0.007298425273518538	-0.18505256733043685	-0.8602760344108318	0.022963461848441113	-0.48456946669719314	17.068857821868733	14823.737768427236	0.04644811635432911	1501391.8890287168	1523544.5029824623
75.0	2.0	5.0	1.0	0.9	0.0	0.0	-0.28303444647174525	-0.0047956114614265966	0.1625681239032537	0.850042048348832	-0.01441920365785232	0.4499382925154376	27.113759933854453	11278.249441049411	0.03771711838706585	1528605.2625149167	1547661.8337844848
76.0	2.0	5.0	1.0	0.49	0.49	0.0	-0.1585972912368448	0.14981399675056917	0.10048617074844768	0.47634215136126307	0.44973331371385794	0.3172058228427337	16.49668675963767	10849.614924140042	0.03715277466180743	1552722.9711175752	1570764.048549565
77.0	2.0	5.0	1.0	0.0	0.5	0.0	-0.0009082343415034815	0.15542021682438711	-0.005500706492722607	0.0017536248173420368	0.4662606504731617	0.0598540260929008	17.21983219613321	8668.528440990485	0.03537973840401112	1575825.1599909128	1591520.1844367257
78.0	2.0	5.0	1.0	0.0	0.5	0.0	0.0006970960438466448	0.15084424167392418	0.020575869382767342	-0.0013791641129496021	0.4514321697203145	0.021535344472403795	5768.438111626892	7817.761151964078	0.03629776096743542	1596576.5689940164	1611099.659870015
79.0	2.0	5.0	1.0	0.0	0.3	0.0	-0.0029965876589055714	0.08418376675304773	0.001036404974437799	0.00934582498601188	0.252518930985571	-0.020191311512941956	5566.815100508393	7568.104217541986	0.03497065633391109	1616149.9190244796	1630667.01979113
80.0	2.0	5.0	1.0	0.49	0.49	0.0	-0.15830218704354093	0.14887094601840667	0.12190587624932703	0.47591000861136373	0.4465157302345034	0.3001648706797735	3793.9987316785846	12328.847376207705	0.036437943352236594	1635714.2711273772	1655302.1828927011
81.0	2.0	5.0	1.0	-0.64	0.64	0.0	0.19440430250779392	0.21199852189221635	-0.11777828641184906	-0.5838926622683995	0.6344742098187515	-0.374804303044199	5904.366113623837	10844.27940180467	0.03621460581892675	1660363.0004080622	1678753.1681829132
82.0	2.0	5.0	1.0	0.7	0.0	0.0	-0.21983977125177132	-0.0081398537503099	0.11861495689325374	0.6598106372174645	-0.023934022147345413	0.3861492881666002	5160.897123350878	8878.822997838142	0.034783762035940656	1683814.9338465882	1700560.9125125194
83.0	2.0	5.0	1.0	-0.21	-0.21	0.0	0.06088984914863024	-0.05821106301768009	-0.04400483405814426	-0.18192505415372803	-0.1753129437980584	-0.14451164110782777	6784.37065014441	7968.255994215724	0.0353248993967114	1705616.0885453718	1720672.6317351712
84.0	2.0	5.0	1.0	0.0	0.5	0.0	0.0019419017760517617	0.15345555729105687	0.004941206988624769	-0.0050164734888483616	0.4602048255053093	0.0299758297092938	766.3660428661387	9932.202289637644	0.03581078352959922	1725732.5178771424	1743340.4177030898
85.0	2.0	5.0	1.0	0.21	-0.21	0.0	-0.05940869592850926	-0.059082042483254216	0.031088999771108128	0.17761107158765455	-0.1779906207419255	0.06905093156326725	5816.917299947818	7834.327855831361	0.034723889204957316	1748402.1797200548	1763591.5165522892
86.0	2.0	5.0	1.0	-0.07	-0.07	0.0	0.016919678250421663	-0.009169705926480809	-0.003936223392088323	-0.051633005137716806	-0.027412009958725836	-0.06948777294577724	5766.854339250131	6217.763048247434	0.03643312653504847	1768654.6796407346	1781759.6035573077
87.0	2.0	5.0	1.0	0.49	-0.49	0.0	-0.15567792803287617	-0.14984377648229563	0.08949023270007728	0.4662892908064661	-0.44995213000332646	0.25881173723962303	5567.037550688838	13517.891741154017	0.03565759607736929	1786825.7263271953	1807550.0963282248
88.0	2.0	5.0	1.0	0.5	0.0	0.0	-0.15306029824943895	-0.002301597775818509	0.07944452887769171	0.4589219405597386	-0.007163747516033769	0.28813903410389274	26.87745218281634	8717.915298984735	0.03591288637248	1812605.8270278445	1828812.058769152
89.0	2.0	5.0	1.0	0.49	0.49	0.0	-0.15117285022334231	0.1553122501913523	0.06909842374303188	0.4544248903300508	0.4653541036497557	0.2875424673838225	16.678658314049244	14951.7884812376	0.036719375416824636	1833890.1413360871	1856397.0217931783
90.0	2.0	5.0	1.0	-0.35	0.35	0.0	0.10932531386120078	0.10472565735016459	-0.06802782024872678	-0.3271990790178675	0.31365906367333696	-0.25260715037767545	966.6448714124272	8651.9748653227	0.03566253955583211	1861458.5868870346	1877564.906040323
91.0	2.0	5.0	1.0	0.49	-0.49	0.0	-0.15419521677172093	-0.1511164931601291	0.08703001449606562	0.4635243592487592	-0.4536408029425377	0.21435165941861523	5266.968299387372	10484.372145292582	0.035849253359077	1882628.142792586	1900615.881776117
92.0	2.0	5.0	1.0	-0.35	-0.35	0.0	0.11012785173473313	-0.10281606442509794	-0.08786142366674676	-0.33135463341136784	-0.30851293182243855	-0.25511551384757314	22.734408703399822	8134.541152743623	0.03584056974505764	1905676.2146418188	1921083.541713233
93.0	2.0	5.0	1.0	0.9	0.0	0.0	-0.28518443951783523	0.0037807786281468525	0.1592450080109855	0.8539348548748915	0.010565473318705831	0.4773688075074358	16.975136997643858	11317.24896952801	0.03553461955179175	1926132.3071694206	1945535.517089098
94.0	2.0	5.0	1.0	-0.21	0.21	0.0	0.060702362000196484	0.06106071143812719	-0.05110007171740305	-0.18142733125557164	0.1839266276065441	-0.14126084687571572	17.124288031482138	8657.517886269488	0.0361974181583363	1950601.4411125071	1966836.613622625
95.0	2.0	5.0	1.0	-0.0	-0.5	0.0	-0.0024362625856598112	-0.15068714711546694	-0.0037791409170679913	0.007244049209834873	-0.4522556569878343	-0.07153426413367114	3544.9354839802254	9211.995389079675	0.036661516821854014	1971898.8449730095	1988487.3817868647
96.0	2.0	5.0	1.0	0.49	-0.49	0.0	-0.15879905539287542	-0.147451415263409	0.06600665903715508	0.4749081795943012	-0.44384323237455203	0.25547019455252706	22.682989889290184	10101.684531357023	0.03566771841259187	1993534.8147299956	2012305.8569674469
97.0	2.0	5.0	1.0	-0.9	0.0	0.0	0.2833101679440345	0.0024901121091486234	-0.18999718013275246	-0.84973628819067	0.008247198893180596	-0.6347660883497341	16.763991661719047	17090.93945818313	0.035216615698958884	2017368.8435544318	2042039.186970098
98.0	2.0	5.0	1.0	-0.0	-0.7	0.0	-0.00114704621011341	-0.21821907193535667	-0.012354235141523118	0.0033116615360511093	-0.6529092750331666	-0.046675889219488065	60.83939570817165	7645.489530797931	0.0359950313487179	2047103.922526061	2062575.273677532
99.0	2.0	5.0	1.0	0.3	0.0	0.0	-0.0854577868336451	-0.000928985203841548	0.021839548332956538	0.2568265303309474	-0.0035638181772593702	0.08707964293890158	17.09256152389571	7017.938966237125	0.035225112754762276	2067638.3995693903	2081859.7349487827
100.0	2.0	5.0	1.0	-0.64	0.64	0.0	0.20741189940871957	0.1972456946055563	-0.11285416952772875	-0.6234657306219054	0.5923844692881142	-0.35961995880062725	16.95289197959937	11707.692436728394	0.03617365285362254	2086920.16007661	2106283.7895446136
101.0	2.0	5.0	1.0	0.35	0.35	0.0	-0.11434230525842513	0.10093459824070283	0.06866732585641966	0.3428327001338419	0.30351591874069883	0.1726762737468741	4744.101696938742	9778.729896977893	0.03567508930544538	2111344.4484274657	2128928.915497003
102.0	2.0	5.0	1.0	0.07	-0.07	0.0	-0.011248939740517846	-0.015126200383481447	-0.024255240711062775	0.03400577341013178	-0.044731215678998404	0.03764856031130659	7117.327155297971	8151.109679965884	0.03605535618662729	2134009.27179656	2149163.629249204
103.0	2.0	5.0	1.0	-0.0	-0.7	0.0	-0.0017901200943192493	-0.21892245625007933	-0.014428082703892287	0.005596945197963626	-0.6575118620424005	-0.08311029526205438	3277.156882439158	6028.037839874742	0.03598626044561835	2154243.1832694127	2168047.816943188
104.0	2.0	5.0	1.0	-0.07	-0.07	0.0	0.02329204450247175	-0.007915206675818132	-0.027713801785300696	-0.07007034914884894	-0.024198789857466485	-0.06817230487524295	16.808117026812397	2817.762975319056	0.03586966896158206	2173095.2101370203	2181981.748874154
105.0	2.0	5.0	1.0	0.1	0.0	0.0	-0.01881658673620721	-0.0039639498734936884	0.01209141374838385	0.0553492049071641	-0.01195658816762546	-0.011196575875470849	17.111159817432053	7885.131466246094	0.0346213857433993	2187029.368529562	2201533.0909234034
106.0	2.0	5.0	1.0	-0.1	0.0	0.0	0.022774675613208166	0.008986254147437256	-0.0162102632181238	-0.06864771957534713	0.026699808253733526	-0.04437352254519311	16.643285081954673	7617.88091037306	0.056203234430921	2206597.2335219993	2220767.9607554018
107.0	2.0	5.0	1.0	0.1	0.0	0.0	-0.019181185601919126	-0.0031678297479363904	0.008103279163807375	0.057252233343606934	-0.009665335611670822	-0.04719393911649705	17.42477811058052	11268.45142217644	0.03589611736200399	2225827.420595306	2243719.0271852305
108.0	2.0	5.0	1.0	-0.49	-0.49	0.0	0.1550799726001275	-0.15143203315481246	-0.1248619760433276	-0.4663404731018401	-0.45397240672871475	-0.29891643854426553	13.798475454677828	9435.525367167429	0.03678964105424524	2248799.309456284	2265759.5743835117
109.0	2.0	5.0	1.0	0.21	0.21	0.0	-0.060494162832578934	0.059034947348109656	0.014669462119486498	0.18038193319627926	0.17684588785575073	0.06611870908677253	16.085336261312477	8217.466934234835	0.03565067165023355	2270833.628414097	2285938.1482736208
110.0	2.0	5.0	1.0	-0.3	0.0	0.0	0.08421283436073375	0.0003981420649159517	-0.06197470054168619	-0.2533506271007916	0.00022334798757928098	-0.29523973449299135	133.44750012038276	11668.231597635895	0.1239848517511375	2291003.542063321	2310162.107835815
111.0	2.0	5.0	1.0	0.35	-0.35	0.0	-0.10878355148737247	-0.10259953556441237	0.050817401388578265	0.32664197792426786	-0.3066656821182069	0.1192638315404202	4899.778169754427	10023.82295591815	0.03582330979445491	2315221.9137498615	2334340.78383421
112.0	2.0	5.0	1.0	-0.1	0.0	0.0	0.01829143627357754	-0.0027790014019805076	-0.024867212939644556	-0.05390323061356404	-0.007948572923073827	-0.03711022201875003	17.036766628734767	10123.940125151421	0.035766548033258266	2339413.179334588	2356048.0393933686
113.0	2.0	5.0	1.0	-0.21	0.21	0.0	0.07448132732215591	0.05626543661716532	-0.03925025711451191	-0.22360582833432924	0.1679870780121887	-0.10420075989926936	26.803059023222886	6984.2713133839425	0.035506779557520685	2361123.9966493887	2375276.624825361
114.0	2.0	5.0	1.0	0.07	-0.07	0.0	-0.010989105107698353	-0.014492194211781162	0.011304109254605565	0.03274073040808918	-0.04331473626748217	-0.03109110551610983	5183.386836855789	5800.910003585159	0.03618592675001408	2380342.749418618	2392950.110988051
115.0	2.0	5.0	1.0	-0.21	-0.21	0.0	0.060039724127043614	-0.05744669499154764	-0.043879392690918895	-0.18105788131472705	-0.1726314084367937	-0.15113920805673464	1277.3282784764888	6978.741785293096	0.035833236464599176	2398033.3795616315	2412378.654336848
116.0	2.0	5.0	1.0	-0.49	0.49	0.0	0.15314437635856767	0.15226294809145768	-0.08599839475088245	-0.4598862989057151	0.4569830599158069	-0.2714994186312236	7949.452754313825	11150.413884970476	0.03637286607511588	2417429.340887393	2435796.8625042704
117.0	2.0	5.0	1.0	0.21	-0.21	0.0	-0.06024593366331094	-0.05755310358353938	0.03502134737164808	0.18112623227280036	-0.17291826493919638	0.07974932478832497	6016.901837851037	6851.343836140586	0.03511509352690073	2440864.787485305	2455003.733881022
118.0	2.0	5.0	1.0	0.07	0.07	0.0	-0.011225232484553501	0.014063292705086772	-0.0068454840924532245	0.03328726617079314	0.04083036862522438	-0.01870536964975611	8634.099352086196	8750.919977377634	0.036354115214264016	2460081.5794108785	2474815.550507672
119.0	2.0	5.0	1.0	-0.21	-0.21	0.0	0.06276261447223473	-0.05812142170940415	-0.04522955367359183	-0.18883812106743303	-0.17374924893033872	-0.11307479056987146	2039.2668333661277	7766.152344818693	0.03618212122212528	2479882.4161153026	2494481.8427773137
120.0	2.0	5.0	1.0	-0.0	-0.5	0.0	0.002758889293306985	-0.15268494846902214	-0.02017209124893582	-0.008244298606348592	-0.45711613647347005	-0.045364065003387966	5516.72551871161	7227.951266628224	0.036851761518648204	2499546.662572611	2514023.666511435
121.0	2.0	5.0	1.0	0.0	0.9	0.0	-0.005994668620298625	0.2862602431147423	0.021831595330753517	0.018307698596618842	0.8587807293442269	0.06091707942325164	33.43426249921322	10551.70052225003	0.036009401206814846	2519082.677439568	2538185.895418501
122.0	2.0	5.0	1.0	0.21	-0.21	0.0	-0.062092277027873996	-0.05654918998525538	0.026322575722910857	0.18569418415932093	-0.16997126269148877	0.053241016250902495	3889.4397063413635	6417.854435174377	0.036473775382529806	2543250.7239659317	2557203.8584531257
123.0	2.0	5.0	1.0	-0.0	-0.5	0.0	0.0021688319633094417	-0.15137341887422584	0.009840158693844137	-0.005146986399892554	-0.4541849951698219	-0.017538347447879188	3544.1919168806635	8495.365560404025	0.03605243538258596	2562268.9630575767	2577454.876709715
124.0	2.0	5.0	1.0	-0.0	-0.5	0.0	-0.000638783876481305	-0.1517681513756831	0.006683378347464464	0.0031463840251907313	-0.45472180720274846	-0.051545195696905965	1016.8828748719534	6834.309622208821	0.03570381446044518	2582536.115516545	2596505.710223253
125.0	2.0	5.0	1.0	0.64	-0.64	0.0	-0.20589343952183037	-0.19981366992338256	0.10246407568476923	0.6191045666026715	-0.59834045446869	0.28912717784396214	99.62413212633692	9898.299058375414	0.03630812321335225	2601570.530747893	2619454.748709686
126.0	2.0	5.0	1.0	0.64	-0.64	0.0	-0.2050955973509176	-0.19914265488223104	0.12449680933854546	0.6141538674777228	-0.5986256277688677	0.32981910734729136	16.705644069588743	8800.87681839359	0.03567476555207719	2624482.693922764	2641105.8319509174
127.0	2.0	5.0	1.0	-0.0	-0.1	0.0	-0.0005253878373029483	-0.01878202066796275	-0.00842261997403404	0.0015114249647642844	-0.05654027764532177	0.01400886243999433	16.84312557335943	7467.781008366728	0.0364131830712717	2646148.962488689	2660124.52031899
128.0	2.0	5.0	1.0	0.64	0.64	0.0	-0.20664016413591788	0.19959127575027735	0.13963574273291157	0.6199528616813258	0.5995183205429946	0.43547852597854697	16.643285081954673	13301.964089245303	0.03642010922350997	2665168.3827543454	2686042.0044293134
129.0	2.0	5.0	1.0	0.0	0.1	0.0	0.0020103519998994823	0.01947114955455309	0.005508116273764685	-0.005966317452553886	0.05737763190934597	0.0428003845274052	16.885062897927128	4918.512486561667	0.03576940863099457	2691094.044279249	2701978.8522810414
130.0	2.0	5.0	1.0	-0.35	0.35	0.0	0.10607167101109982	0.10641745253908141	-0.0633190814068656	-0.3178913202975765	0.31879918778723215	-0.15237427328903363	17.092196838348173	6400.199913419783	0.036251060840834126	2707044.6461163955	2721863.212100405
131.0	2.0	5.0	1.0	-0.9	0.0	0.0	0.2879612225455733	0.006854210942515815	-0.18728856336307542	-0.8631715436181296	0.020951064110414808	-0.5909799038681236	17.03348458977416	11668.39898226317	0.03505601138392633	2726945.225836156	2745837.4447110984
132.0	2.0	5.0	1.0	-0.0	-0.9	0.0	0.009289498134093955	-0.2984366402294185	-0.00925847257189294	-0.0276742787608481	-0.8936267184624966	-0.10225470359345445	3200.173438206548	8423.708521702792	0.03516139917401388	2750916.4710502955	2766798.374800841
133.0	2.0	5.0	1.0	0.64	0.64	0.0	-0.20208850478376186	0.20150493425615756	0.14633221332114354	0.6055210210591231	0.605000341872057	0.4416059327077657	17.00431079370901	11573.979090419016	0.024326944663264002	2771864.761958248	2791772.892585359
134.0	2.0	5.0	1.0	-0.07	0.07	0.0	0.013538798259762898	0.012116103947681811	0.000628256656760362	-0.039353993109969516	0.03689858949377445	-0.02333839322495801	17.10751309292391	8467.821487007313	0.035214030830607715	2796832.8790122615	2811284.973271322
135.0	2.0	5.0	1.0	-0.35	-0.35	0.0	0.10952155797711194	-0.10341578937813534	-0.099982824444943	-0.3275612264505949	-0.31040921450226766	-0.23416682993817028	25.970511851483025	11543.53149511735	0.035353502215789076	2816364.847473931	2835001.633732492
136.0	2.0	5.0	1.0	-0.64	-0.64	0.0	0.2075233230801618	-0.20070136488183232	-0.15377334248873709	-0.6222462765047625	-0.6008093237026058	-0.4761517967498008	22.4273545172764	9790.33085636911	0.035513963959019616	2840051.8137530307	2857452.8885156177
137.0	2.0	5.0	1.0	0.7	0.0	0.0	-0.21670017614222284	0.003040415655297779	0.11341249713894097	0.6498415742380903	0.008603338588736853	0.3981454795147856	17.073598559363745	10668.52625294996	0.03569634590914829	2862503.3223481732	2880438.2305072504
138.0	2.0	5.0	1.0	0.9	0.0	0.0	-0.2843614831065332	0.004427577136770333	0.16210372472724877	0.8535699884231839	0.013056146495304954	0.4220401739528612	22.992961457930505	11535.309955157572	0.035445354374938426	2885488.68512614	2904940.029618694
139.0	2.0	5.0	1.0	0.49	0.49	0.0	-0.14789930674384857	0.1546734965261931	0.09824129396506276	0.4441834593351298	0.463858643210718	0.25654580910965397	27.01967445318587	17745.55601058819	0.03607966973824924	2910007.3922748417	2935474.724006781
140.0	2.0	5.0	1.0	-0.21	-0.21	0.0	0.05890508613846604	-0.05836606436316061	-0.04420560616464031	-0.17742738243398845	-0.1760692712966504	-0.1839329091325108	16.56415117031429	9368.287793651689	0.035061365222378085	2940541.91490222	2957209.282226191
141.0	2.0	5.0	1.0	0.0	0.9	0.0	-0.0023829827613596963	0.29051322038989	0.009618512245370248	0.008217134311964254	0.8700830438589172	0.05206450904098592	26.750181525130756	19001.709949036012	0.036200797815889536	2962259.9709647764	2988517.3859404894
142.0	2.0	5.0	1.0	-0.49	-0.49	0.0	0.1594653531518943	-0.14996693077848022	-0.09417940947584724	-0.4792700298421346	-0.4501921157975911	-0.3623734309910571	44.040760170901194	9567.856240304536	0.03623800889654224	2993577.580595331	3010129.3040919406
143.0	2.0	5.0	1.0	-0.49	0.49	0.0	0.15350392561760245	0.15119998430637627	-0.09688381475546892	-0.460673623220669	0.4552507858713155	-0.33153036392765634	16.758156911237165	13240.746528230375	0.035783444611559655	3015195.7751240116	3036086.7661468657
144.0	2.0	5.0	1.0	0.0	0.5	0.0	-0.0030807434542901697	0.15118790840937946	0.02055146105135308	0.008853799080002979	0.45349898668099364	0.07538750286108598	3233.7065269530285	6327.631193649722	0.03589351334240748	3041164.1496367664	3055287.9201892503
145.0	2.0	5.0	1.0	0.0	0.1	0.0	-0.00046305756411213657	0.0173387222342527	-0.005081254291596338	0.0009683721358966831	0.05204853597632997	-0.017532616159293468	5106.658663324197	5317.894075065851	0.0352185156403034	3060348.7249410683	3071632.924742182
146.0	2.0	5.0	1.0	-0.21	0.21	0.0	0.05903140399165447	0.05836016020760382	-0.040202871747920144	-0.17602602594707809	0.17491863425495047	-0.04631243762874515	3957.3351489234483	5368.325354909757	0.03476415395110901	3076681.573503185	3089166.8215916725
147.0	2.0	5.0	1.0	-0.3	0.0	0.0	0.0850572753378813	-0.004991316089459685	-0.06302293430990868	-0.2549128718250656	-0.014973948268379056	-0.2493571984435734	5300.180111720692	6767.731376457959	0.035159085907803686	3094234.431131059	3107818.521493973
148.0	2.0	5.0	1.0	0.5	0.0	0.0	-0.15077755233857407	0.0007918991722535296	0.09507811703669922	0.4527858268457343	0.003217298629639709	0.24252434882124452	7134.3165145081	10251.984638525755	0.03515107191306214	3112885.280617251	3130458.8133486104
149.0	2.0	5.0	1.0	-0.35	0.35	0.0	0.10169566891686273	0.10928660884178354	-0.06990041351949228	-0.30596097713704	0.3278274572517784	-0.2576756054016902	16.503615537658334	8184.357959544286	0.035581061350840854	3135501.715966122	3150643.364219868
150.0	2.0	5.0	1.0	0.3	0.0	0.0	-0.08643671566863063	0.0017600511970931043	0.048290147249561155	0.2586627615344461	0.00573332342129107	0.1426273655298691	7550.335553329205	9340.405668903259	0.035069952260014706	3155704.855285207	3172522.0913088704
151.0	2.0	5.0	1.0	-0.49	-0.49	0.0	0.15543548648972355	-0.15296173165348836	-0.12353783474479219	-0.465788551092014	-0.4585615022247421	-0.3528977798123121	16.564880512305535	9467.674159343005	0.04216422074737869	3177590.253691669	3194523.1007221593
152.0	2.0	5.0	1.0	0.0	0.9	0.0	-0.0014802382486538285	0.28542087332378463	0.016702952620736067	0.004926253849545939	0.8554533881320466	0.05175683222705141	16.844219600898214	10534.969351108884	0.042359029802696936	3199576.4096321655	3217997.2197373863
153.0	2.0	5.0	1.0	-0.0	-0.9	0.0	-0.003220362920965221	-0.2867490795683838	-0.010023407339589063	0.010049520045763108	-0.8599882845165732	0.022115632867934387	17.025097127771005	9685.536763179698	0.04120446976746369	3223062.0023360825	3240342.276803145
154.0	2.0	5.0	1.0	0.1	0.0	0.0	-0.01744333972646725	-0.0012022164000193847	0.011065024795911205	0.05109998678365493	-0.003412433558624639	0.020789489585719467	27.670614726957865	5483.9677235722775	0.04203684223639968	3245390.9966752836	3257382.115078217
155.0	2.0	5.0	1.0	0.9	0.0	0.0	-0.2880469018547668	-0.0025706166505307104	0.15184068970779152	0.8628135653478366	-0.00787369631945345	0.4494794964522828	26.978831127053127	6878.761368207051	0.042009582457681015	3262443.141915559	3278561.2119085854
156.0	2.0	5.0	1.0	-0.3	0.0	0.0	0.08705623335348296	0.0013799884504187565	-0.06094289768825978	-0.26078026877758137	0.0036220569740997854	-0.16872935683223123	16.758156911237165	8340.586181759136	0.042591924442908664	3283629.4570720345	3299063.341777932
157.0	2.0	5.0	1.0	0.0	0.7	0.0	-0.0033303752920795515	0.21830497567145768	0.027798220798045614	0.010573772800539866	0.6547854499200839	0.08517996795605032	27.22206764155999	16578.867524352972	0.04203891836763581	3304131.3028615406	3328270.3090635333
158.0	2.0	5.0	1.0	0.35	-0.35	0.0	-0.11157292832048092	-0.10275816226853307	0.0811745357442577	0.33488063132930423	-0.3083068560791714	0.22983626459143647	17.113712514401414	9036.167117694276	0.04216878719558422	3333332.611160353	3349431.993149992
159.0	2.0	5.0	1.0	0.07	-0.07	0.0	-0.012305770627233953	-0.011163282010870357	0.019736513313497017	0.038956576116755764	-0.03365169240047239	0.027760695811399838	17.02400310023222	4273.949588416144	0.042124111523256826	3354502.857390835	3365933.02717866
160.0	2.0	5.0	1.0	-0.0	-0.3	0.0	0.0034143109764049988	-0.08585615764148424	-0.004926332494085139	-0.008980531259895983	-0.2570181952737237	-0.05043933165483483	22.52654542098753	9517.295501733315	0.043350183426503444	3371001.866028819	3387506.8046052186
161.0	2.0	5.0	1.0	0.0	0.9	0.0	-0.0004952930446869234	0.29092836711320647	0.03309501182574315	0.0016153562283498912	0.8718787616795955	0.05314175326161963	26.846455031773075	11595.047310780501	0.04145671924552854	3392586.089861841	3411989.7505166447
162.0	2.0	5.0	1.0	0.21	-0.21	0.0	-0.062329207162713646	-0.05730811134162661	0.01833211566338755	0.18792633042173715	-0.17208618039274148	0.07165919890135508	26.864688654313795	8261.86944944493	0.041961515662607834	3417056.337879214	3432070.047009911
163.0	2.0	5.0	1.0	-0.7	0.0	0.0	0.2181159563774378	-0.006264265826053439	-0.1529216327153402	-0.6534091601987171	-0.017789349997419546	-0.4575746944380783	16.28663545125164	10401.20677401137	0.04284907139878091	3437132.9376880457	3455087.6479248106
164.0	2.0	5.0	1.0	0.0	0.5	0.0	0.0008122054965731054	0.15190495687346017	0.010101405355917192	-0.001595015376839863	0.4553911778846572	-0.0007784115358189236	17.95683517411817	9685.4145979014	0.04288154081879423	3460139.9623730974	3476888.697233255
165.0	2.0	5.0	1.0	-0.9	0.0	0.0	0.28664920956962586	0.005547938117752338	-0.19911816891737377	-0.8601742136238835	0.016740922173973605	-0.6380960952163006	26.75054619612638	14679.53899569693	0.04275733902415146	3481944.942121016	3503890.845518559
166.0	2.0	5.0	1.0	0.49	-0.49	0.0	-0.15308985787006496	-0.1539624471675346	0.07909137407492017	0.4576511099315807	-0.4625347269740494	0.24382024261844326	16.660789362504147	8290.484930446837	0.04237326152614214	3508975.7423545523	3525025.4679932403
167.0	2.0	5.0	1.0	-0.0	-0.3	0.0	-0.002784823555292316	-0.08564193778897577	0.010304563973445147	0.008581055580882827	-0.2562460586219095	-0.028916932936611017	16.4985101291677	6957.073678786401	0.042316060015447	3530077.7142477892	3544743.366881972
168.0	2.0	5.0	1.0	-0.0	-0.1	0.0	-0.006374666628424661	-0.019473406771950197	-0.008054334325173329	0.019900862451008874	-0.05809652758012762	-0.022286143282226334	16.634897619951516	7634.250326475012	0.042343305911377215	3549812.3512364402	3564494.2496627625
169.0	2.0	5.0	1.0	0.0	0.3	0.0	0.007124710172029914	0.08372780453369266	0.00337729152360966	-0.02134176124251738	0.25192790689324085	0.014892689402598247	16.564880512305535	12001.748968978063	0.0425640105323181	3569563.300022928	3589112.3519293177
170.0	2.0	5.0	1.0	0.5	0.0	0.0	-0.15080526906855832	0.0018886737425647393	0.10940769359883529	0.4519302681020907	0.005245220671254325	0.2416586495765467	16.348994424333796	11057.096762539004	0.04176570389295856	3594181.547064436	3612830.452117225
171.0	2.0	5.0	1.0	0.64	0.64	0.0	-0.2085912674174703	0.19852803143149522	0.11890611734187084	0.6251911553281098	0.5960372641244974	0.4084464362554132	26.872711459873244	17701.68591712718	0.04310117670336344	3617901.0829677135	3644215.4225805863
172.0	2.0	5.0	1.0	-0.07	-0.07	0.0	0.011883178970990772	-0.01324077220005393	-0.023684681467923685	-0.034678458705803744	-0.039074931128716184	-0.07119137560084132	16.63672097492963	7801.231279998319	0.04349249722944427	3649301.181137533	3663566.544148882
173.0	2.0	5.0	1.0	0.35	0.35	0.0	-0.10659247967516763	0.10386083236247734	0.06111830930036799	0.3190005764597682	0.3121004054645885	0.18500290226594718	16.662248061038554	9501.026370562613	0.042977274247629475	3668635.2619277895	3684900.5658622044
174.0	2.0	5.0	1.0	-0.0	-0.9	0.0	-0.0013035883330120394	-0.28604701592001036	-0.016064753185325742	0.004914212479776973	-0.8575907701093024	-0.09085848477914094	17.067399123334326	9218.520837559481	0.04286879950633971	3689970.6679376685	3707518.801598868
175.0	2.0	5.0	1.0	-0.0	-0.7	0.0	0.0037559362896867742	-0.2208102754438438	-0.019984362554367863	-0.01084700831262068	-0.6612331632093568	-0.07377776150151116	22.625371639151126	9957.32530276291	0.04170454164863895	3712588.695081693	3730226.4010441285
176.0	2.0	5.0	1.0	-0.3	0.0	0.0	0.08600363205184676	0.0024501209506277988	-0.06449900663768093	-0.25710455649551645	0.00786827122903988	-0.19537387960633645	16.8051996442955	8175.101479224395	0.17139066377597134	3735290.4747196296	3751271.533268882
177.0	2.0	5.0	1.0	-0.0	-0.9	0.0	-0.0008426153501176273	-0.284416692139563	-0.02603924010071501	0.0027544309653588436	-0.8537356155222733	-0.11464781872283614	17.13449884846341	7302.162471052725	0.04239354795665775	3756324.4716716874	3771438.300889029
178.0	2.0	5.0	1.0	0.21	0.21	0.0	-0.06581413063044035	0.056989619269142255	0.026960842298006327	0.19750713043846563	0.17135728909029413	0.12286009613183069	26.970808336045593	8878.669470752357	0.042035778718190774	3776495.4716800856	3792123.8493217244
179.0	2.0	5.0	1.0	0.49	0.49	0.0	-0.15029070983224077	0.15514908747303668	0.08252029602501953	0.4509044987702947	0.4651559389569593	0.24934619363697208	16.56852723681368	12817.649197517312	0.0418939845448544	3797195.1606509686	3817025.3378051855
180.0	2.0	5.0	1.0	0.07	-0.07	0.0	-0.025786722837171237	-0.009148450103501071	0.005225336079950349	0.07706884504936311	-0.02760719667836453	0.011784957656193473	17.18190626706928	5684.828933983226	0.04252090437921865	3822111.916875103	3834882.389494218
181.0	2.0	5.0	1.0	-0.1	0.0	0.0	0.01910267932374929	-0.004116646526689305	-0.039247888914323736	-0.05620748266979017	-0.012090985391489673	-0.038503566033426306	16.62213409144897	7801.246596238343	0.04191437810151683	3839962.5700216563	3854416.763699919
182.0	2.0	5.0	1.0	0.0	0.3	0.0	-0.009279170177872092	0.0868086040947268	0.006405767910271587	0.026898801600020065	0.2601344888220296	0.005072190432577228	27.109748538350686	7361.879405012587	0.04217805202661936	3859483.6621280704	3874245.230905115
183.0	2.0	5.0	1.0	-0.64	0.64	0.0	0.2041067850977354	0.20145096820326736	-0.1066059296559172	-0.6131943256796577	0.6038673655062174	-0.31112014648663466	17.094020207878202	11907.666763785528	0.041261042818721755	3879312.1581423767	3898979.5243723346
184.0	2.0	5.0	1.0	-0.3	0.0	0.0	0.08712839956993648	0.002748401648648313	-0.07332406195163688	-0.260867290332653	0.00707991109734285	-0.23864922865646698	26.90553198044654	6351.293329018517	0.04186385050779178	3904046.790025619	3916847.6945591248
185.0	2.0	5.0	1.0	0.1	0.0	0.0	-0.017212602912637744	0.0023993961409909392	0.0024534309910648755	0.05150833164362411	0.007068711328683364	0.0032403570610866073	17.26176952070091	7035.151140313246	0.04134082341744659	3921917.528965016	3935954.675957546
186.0	2.0	5.0	1.0	-0.49	-0.49	0.0	0.15098558318596927	-0.1611149733353172	-0.11471268787671618	-0.4537336121236427	-0.4829564887230843	-0.34949398031588896	16.572173961321823	14435.475042366306	0.04207105387293963	3941036.1306504635	3964106.3873470267
187.0	2.0	5.0	1.0	-0.21	-0.21	0.0	0.05703971827284861	-0.0641669403005275	-0.043498564126048134	-0.1717665402899916	-0.19237134380729304	-0.09854330052646221	16.954350663581863	10385.123261105036	0.04224087432377288	3969187.6903362134	3986501.762644184
188.0	2.0	5.0	1.0	-0.0	-0.1	0.0	-0.009114462366226832	-0.020787849601360153	-0.009271015487914092	0.026793109447951817	-0.06148957841762881	0.010365026321792037	22.708881631842814	4950.944993906887	0.04135722163297595	3991572.7384748026	4003091.9131335686
189.0	2.0	5.0	1.0	-0.07	0.07	0.0	0.008352446507304614	0.022812595138203662	-0.003704609750525112	-0.024474692597612632	0.07012098764036989	-0.000997097734065644	17.162943302537315	7867.881730897352	0.04247423827704533	4008172.779974513	4022687.0370255494
190.0	2.0	5.0	1.0	0.0	0.7	0.0	-0.005321875427050317	0.2199456878307844	0.007257709620801744	0.016774858120458043	0.6598046942187806	-0.045152941176505035	16.191455943044275	13173.639507440384	0.04241289879751389	4027758.6915115537	4048271.459240379
191.0	2.0	5.0	1.0	-0.7	0.0	0.0	0.22475278391047618	-0.00912391851003258	-0.1393845670252698	-0.6737080740806997	-0.027922033180826755	-0.4198932295720328	25.237884939997457	14136.042873811675	0.04188849736198793	4053347.411026305	4074723.357670344
192.0	2.0	5.0	1.0	-0.21	0.21	0.0	0.06324883980441877	0.056412656389285276	-0.03196636301214739	-0.18951993449825028	0.16920559989428363	-0.14236281071188261	16.61009990493767	11274.083423195407	0.040790387897260943	4079809.9469510927	4098274.3766198256
193.0	2.0	5.0	1.0	0.35	0.35	0.0	-0.11317961389941802	0.10096167190112593	0.05876132753488772	0.3395712109718264	0.30214052241121525	0.1862176058594125	17.0849034038838	10218.571162360604	0.04150382985796312	4103345.6361655844	4120565.311556056
194.0	2.0	5.0	1.0	0.21	0.21	0.0	-0.061446531599622586	0.057063792380561584	0.02065594262606041	0.18440433334601247	0.17170928551884124	0.0872825452048005	16.74284065666143	6584.891183563741	0.041586096160587824	4125646.7319697696	4138910.582684548
195.0	2.0	5.0	1.0	0.35	-0.35	0.0	-0.11400095616294435	-0.1013235862751175	0.030008599984727047	0.34171154502668244	-0.3036146968160577	0.19403129320206425	17.02874385227915	7151.730717130704	0.0412792468330991	4143998.6554527422	4158011.3620989285
196.0	2.0	5.0	1.0	0.0	0.1	0.0	-0.006587259385441108	0.01961993168361198	-0.01084314641032802	0.019664670335606566	0.05818004030581814	0.017230231174142796	26.540130187640898	7495.175566073158	0.04173647797336537	4163095.3603820526	4176562.653823392
197.0	2.0	5.0	1.0	-0.64	0.64	0.0	0.2049276655596254	0.2017414241688925	-0.14376899671932342	-0.6155274899710389	0.6053861188745392	-0.392121821927254	16.758886238676496	15834.041952635744	0.04163779590623825	4181637.8120821025	4204914.088280624
198.0	2.0	5.0	1.0	-0.64	0.64	0.0	0.20213934180688364	0.20409091552186376	-0.11590947127490425	-0.607550949995681	0.6113340376319949	-0.32630474708175106	16.46386625361629	7633.988491666969	0.04065551638619986	4209985.782880598	4224798.610743906
199.0	2.0	5.0	1.0	-0.35	-0.35	0.0	0.10823790480071685	-0.10493387378143615	-0.06822663920044314	-0.32439002166642766	-0.3150605755328867	-0.1942885236896792	16.623957460979	9267.84460725321	0.04158068099146756	4229872.422632005	4245899.374477376
200.0	2.0	5.0	1.0	-0.0	-0.1	0.0	-0.005678377658465987	-0.019062675217532576	0.009105046158524033	0.01803858045613873	-0.05663774800186838	-0.008894520485288382	17.106054408941418	8335.068687883904	0.04159205130446993	4250957.833291453	4265750.914871954
