TN	hand	digit	Corr	TargetX	TargetY	EnsPercent	RawX	RawY	RawZ	ForceX	ForceY	ForceZ	RT	MT	EnsForce	measStartTime	measEndTime
1.0	2.0	1.0	1.0	-0.35	0.35	0.0	0.10330913154270968	0.10825844742070001	0.027108896009775396	-0.3098626560809845	0.3239337411492209	0.08123513389794601	22.53051573643461	35602.770703146234	0.0021994882178777504	0.07767508213873953	41090.30695151887
2.0	2.0	1.0	1.0	-0.0	-0.3	0.0	0.003021380364510575	-0.0835584743898089	0.010940383001468934	-0.00841675562208612	-0.25171123992373967	0.03131050583663386	16.553180816117674	6784.408969178912	0.0017939414586098173	41343.45662157284	53957.528138082125
3.0	2.0	1.0	1.0	-0.21	-0.21	0.0	0.06260102597958568	-0.05676773760960907	0.021784695201063187	-0.1887741561459258	-0.17120955248885106	0.06567452506302018	21.10246109077707	12083.481390058296	0.0022549231824106255	54209.373741890886	71275.30457386456
4.0	2.0	1.0	1.0	0.7	0.0	0.0	-0.21760967072744483	0.002033815407334938	-0.0106968947890127	0.6526024272673284	0.006910678061311737	-0.03282311741807953	16.75630299723707	18585.025410327944	0.0027239024909562586	71527.09037149907	95826.40821649693
5.0	2.0	1.0	1.0	-0.1	0.0	0.0	0.016579115728288577	-0.006477075457177794	0.0017581521324896432	-0.05002867064701634	-0.018686733079371187	0.004954016937638306	16.534582566237077	9167.784385630512	0.0021327936506768497	96078.91642890172	110143.81378109101
6.0	2.0	1.0	1.0	0.07	0.07	0.0	-0.011871808724160288	0.012100378954612023	-0.0024209124894583045	0.03467671723888466	0.03685141451456475	-0.0068049668114740225	16.96416588674765	9017.630785878282	0.0016970510599348344	110396.30230123294	123883.94175171561
7.0	2.0	1.0	1.0	-0.0	-0.3	0.0	-0.00717734153188225	-0.07802600986377695	-0.003162638284824215	0.01952512963416521	-0.23809181951429392	-0.008938590066191576	16.60751689632889	6901.029906002805	0.0030720455125202383	124146.59586199559	135878.64635299775
8.0	2.0	1.0	1.0	0.3	0.0	0.0	-0.08422296702233735	0.0018191909389142502	-0.018466857404386694	0.25050015973766904	0.007237882863218248	-0.057231654840763646	16.627573859295808	16418.31862977415	0.0025530508949239018	136130.82818417752	157762.9308961623
9.0	2.0	1.0	1.0	-0.0	-0.3	0.0	-6.665372916439191e-05	-0.09617654053154123	-0.011417891203111763	0.0004265461024992208	-0.2883677752267624	-0.03475722133192627	2249.9070086923894	6767.557851519086	0.0039918973096312186	158015.83076604584	169597.54495673405
10.0	2.0	1.0	1.0	0.0	0.9	0.0	0.012222643095773363	0.31741893930369647	0.044274990463168074	-0.035502635438717664	0.9486961978181384	0.13323696498071502	5033.54761445371	11634.719961250084	0.004307319447249483	169850.02034869103	186514.93476751784
11.0	2.0	1.0	1.0	0.21	-0.21	0.0	-0.04647933124590518	-0.044951782066999346	0.022006424048274242	0.14180095070849225	-0.13767147300178684	0.06620238040758308	16.50358544429764	9867.824353656033	0.002975762338399887	186767.47434170102	203115.31067117176
12.0	2.0	1.0	1.0	0.3	0.0	0.0	-0.08674559622476744	-0.0034581713420973603	0.060546814679242944	0.2594922953821396	-0.011701654242755488	0.18104534218375767	16.70233155891765	14101.583696538	0.0024600553389154916	203370.27203055914	223233.5172008461
13.0	2.0	1.0	1.0	-0.21	-0.21	0.0	0.06010078012983088	-0.0706325440871316	0.02402043183038849	-0.17916941581446275	-0.21102366187494348	0.07119153124305377	16.629761885269545	21818.410964653594	0.003228030233535518	223485.92549317982	251784.75285465538
14.0	2.0	1.0	1.0	0.7	0.0	0.0	-0.2413141591188955	0.011174374960891575	-0.010065903715500646	0.7241690622716924	0.033361278514813075	-0.030380819409262294	22.302960540400818	32518.868846527766	0.0028237533450104556	252038.25042156677	290287.0962354209
15.0	2.0	1.0	1.0	-0.3	0.0	0.0	0.08667963843498451	-0.006106517408201784	0.028963958190346473	-0.25945626838065217	-0.01831955222460535	0.08817363241036191	16.62356246379204	23401.942679440253	0.0048097904602444905	290542.1389166004	320421.48762742
16.0	2.0	1.0	1.0	0.07	0.07	0.0	-0.008945432177584353	0.018602653891264587	-0.0010911039902532504	0.02563863341057844	0.05545189966449893	-0.0038684138247309097	116.17348456638865	7867.439989611739	0.0017282269239055812	0.05798280471935868	12368.081447246368
17.0	2.0	1.0	1.0	0.3	0.0	0.0	-0.08544937405944412	0.004593118996721768	-0.03493656061648864	0.25731920038550093	0.014297265367321788	-0.105359006637747	9317.512048757635	15951.562107977225	0.003275583073333474	12619.973729044432	33685.9990110097
18.0	2.0	1.0	1.0	0.5	0.0	0.0	-0.15298160530845772	0.01015084774077668	-0.044028389410251334	0.45794136844463224	0.02964331138302312	-0.13190205996799365	16.780006655608304	8217.782343475847	0.0015244494119980776	33937.68051252118	47970.158544689184
19.0	2.0	1.0	1.0	-0.0	-0.7	0.0	0.006647359415683098	-0.22061255205210972	-0.05358668650340381	-0.02143106483137435	-0.6612550092320276	-0.16066850537883126	16.66841709811706	20302.20713939343	0.002414389077146187	48224.15972330782	75004.6349781478
20.0	2.0	1.0	1.0	-0.07	-0.07	0.0	0.022249538098286732	-0.012018419953926607	-0.03859185931182685	-0.0681404930584685	-0.03621710622964147	-0.11499736781874903	16.64726613671519	6401.131649428862	0.002267422041341147	75240.40585050534	88121.9469679636
21.0	2.0	1.0	1.0	-0.49	-0.49	0.0	0.14947887226641143	-0.15710529970495635	-0.019828305485623865	-0.4479510776956499	-0.4711540527470077	-0.05829471274892928	16.622468436253257	19968.488712678663	0.0017431178817249218	88377.35796763445	113323.71693885943
22.0	2.0	1.0	1.0	-0.3	0.0	0.0	0.08325719737603449	-0.0012361340038156143	0.003747364003951148	-0.2479589128080556	-0.00461474167147069	0.011882970931514691	27.04332883877214	9128.586911494494	0.0007455501095756275	113576.20947038231	127824.63080629532
23.0	2.0	1.0	1.0	0.0	0.1	0.0	-0.0027260161380425543	0.018060959492912643	0.010240604257246266	0.009343342262730085	0.05444183266731617	0.030996475165879334	16.770525195170194	4636.795672951848	0.0011431890043862162	128076.99716139177	137192.03724611725
24.0	2.0	1.0	1.0	0.07	-0.07	0.0	-0.012793512999373313	-0.01202924208105649	0.008275120164781935	0.03608232057448796	-0.036443788252464304	0.02500846875710616	16.573237764532678	7401.218805971439	0.002293382858176239	137444.07612596115	151325.14900488604
25.0	2.0	1.0	1.0	-0.5	0.0	0.0	0.15333252599813346	0.0016351338545056437	0.0011977721827935994	-0.46022416290940643	0.006038326138546823	0.0029066605630294617	16.66367636062205	7384.449374803808	0.0023562977131946364	151561.7575282813	164109.79063464038
26.0	2.0	1.0	1.0	-0.35	0.35	0.0	0.10709480440505098	0.10318590171822206	-0.0006446097505157233	-0.3215757366773034	0.309525335881094	-0.001476058594646279	16.629761885269545	10084.553525055526	0.0018212739612818753	164362.59240782238	179516.8139211164
27.0	2.0	1.0	1.0	0.07	0.07	0.0	-0.01021223606810942	0.012946371498943177	-0.0024710460059549355	0.0291800908935754	0.03971308488328085	-0.008191348134596321	15.794663544511423	6467.15000263066	0.0020365508688260617	179763.45456481795	190711.30103216274
28.0	2.0	1.0	1.0	0.21	0.21	0.0	-0.05656104900809196	0.06301139284018042	-0.0126364309147744	0.16845311462852924	0.18903417852054127	-0.03887061112381507	16.574331777519546	7051.304212101968	0.001059195710904635	190963.36470969254	203117.92755576607
29.0	2.0	1.0	1.0	-0.07	0.07	0.0	0.00812835618431474	0.0170474397732151	-0.0024924086366022724	-0.023284513251486526	0.05055967239534409	-0.007523002975496906	16.79021745803766	9867.958917529904	0.003006006584721609	203366.5053358709	217712.8359356284
30.0	2.0	1.0	1.0	0.1	0.0	0.0	-0.02057275038357418	0.008616058634350665	-0.004396154726475032	0.06129745059428298	0.02717531611951607	-0.012913801785284562	6200.204799664789	10901.74758003559	0.0017569161506642693	217965.953514562	233830.3561530338
31.0	2.0	1.0	1.0	-0.35	0.35	0.0	0.10426649057276234	0.10707103996337142	-0.004217494468609306	-0.3141266119347506	0.32072758078652963	-0.01311025406272881	6350.3135447826935	10984.757449507015	0.0019454160319644922	234083.5802161164	250881.41092965088
32.0	2.0	1.0	1.0	-0.0	-0.1	0.0	-0.001529815028057678	-0.020590699145767832	-0.010936102845806817	0.0043628601691668226	-0.06044495722083976	-0.03184699015792858	5533.563295350177	9434.54214729718	0.0019416032497483345	251116.87803041423	265298.8091278821
33.0	2.0	1.0	1.0	-0.49	0.49	0.0	0.15339498790637027	0.14958420727749644	-0.018620271610592543	-0.46131788829414055	0.4494971151246515	-0.055998146028847895	366.60744398250245	10017.930181405973	0.002105635636978345	265552.0102166338	281316.08581746696
34.0	2.0	1.0	1.0	0.49	-0.49	0.0	-0.14795069728154825	-0.167364352532409	-0.06151235217822526	0.4446289544103795	-0.5011219793900584	-0.18600192263675863	16.502491445862688	17651.829631184228	0.0020261074854882465	281571.71634954284	304134.23166575376
35.0	2.0	1.0	1.0	0.21	0.21	0.0	-0.05342620894483154	0.06700702899554567	-0.03727881284808787	0.1609583815795126	0.2009887177130648	-0.11124133669029246	4799.739770227461	8933.442297246074	0.003145449967274762	304390.0237474154	318507.6220045885
36.0	2.0	1.0	1.0	-0.0	-0.1	0.0	0.012521060823715166	-0.026076773107893025	-0.03236265354388701	-0.03782213665972374	-0.07784188804081205	-0.09663018997476014	16.746821522247046	5482.332017592853	0.00187351327716986	318754.98688640073	328969.1356403928
37.0	2.0	1.0	1.0	-0.0	-0.9	0.0	0.010160245619873061	-0.29123030877609224	-0.07047804226746601	-0.02999519775603498	-0.8715869235460783	-0.2149131837948448	16.579437171458267	36902.72234765871	0.0031230562228659648	329209.7406016692	371221.51402964664
38.0	2.0	1.0	1.0	0.7	0.0	0.0	-0.22176554018187472	0.006381580705263956	-0.05117565423054682	0.6652318819984795	0.019144742115791535	-0.15343540856026028	16.528383130207658	19565.754330833443	0.003361166041114866	371475.0673913368	396486.9268818438
39.0	2.0	1.0	1.0	0.49	0.49	0.0	-0.148150507412431	0.15868179662038417	-0.07744361028456082	0.44425730659585927	0.47669277533259813	-0.2321477225909221	16.828507999889553	15317.513507441618	0.0036825029562417883	396725.45759013155	417454.6658293839
40.0	2.0	1.0	1.0	0.0	0.9	0.0	0.0011694317207405214	0.2864163180411502	-0.004948302433798402	-0.004026203539378048	0.8606084636134869	-0.014249805447424047	16.096247083623894	14642.390831853845	0.0031536495050537546	417693.5057793162	437405.8348211838
41.0	2.0	1.0	1.0	0.0	0.5	0.0	0.0042669230371774995	0.1573604451090116	-0.02125064469364646	-0.011926798725080848	0.4723726587891852	-0.06347727168679884	1535.1638397260103	11850.312815440702	0.002495027954725311	437644.7349419759	455023.4141154215
42.0	2.0	1.0	1.0	0.07	0.07	0.0	-0.007673281962041069	0.026832644199718647	-0.0383538414587401	0.02259904532968348	0.07936500802412572	-0.11579395742726173	6501.813512688386	6684.83388471941	0.0032179704281021224	455262.17019085016	466757.42289380287
43.0	2.0	1.0	1.0	-0.9	0.0	0.0	0.2883114796651408	-0.010389166517455362	-0.029473662928191757	-0.8644165306182658	-0.03129697664665554	-0.0870476768138726	6832.761892685085	12001.382470669341	0.0024851815003194373	466996.18334529805	484310.8662704908
44.0	2.0	1.0	1.0	-0.9	0.0	0.0	0.2853865975000281	-0.004424388763349496	-0.05172421606773181	-0.8562245310472288	-0.012755257912892004	-0.1557677500571666	150.3869896841934	10334.678242812515	0.0025856745017426527	484565.5300577055	500350.9863641957
45.0	2.0	1.0	1.0	0.9	0.0	0.0	-0.2861913084307928	-0.0025021502420163877	-0.04114160372319531	0.8587357716602397	-0.007409342905332239	-0.12296704051268503	16.62100976682268	14968.174730296596	0.00437045404576659	500599.57800182747	521396.17794814694
46.0	2.0	1.0	1.0	0.07	0.07	0.0	-0.0077461937507625755	0.026369639505419484	-0.03758933394369124	0.023238581252287727	0.08046842800629439	-0.1119897917143422	4300.183940446004	4500.938665121794	0.007108578095312186	521650.8045388473	530946.7644862161
47.0	2.0	1.0	1.0	-0.49	-0.49	0.0	0.15001404965101892	-0.14900397725895365	-0.032307530327307044	-0.45240510592383343	-0.44762694797473435	-0.09582394140535899	4783.2515009940835	13417.804807249922	0.007408115182213356	531201.6904724296	549531.1203591846
48.0	2.0	1.0	1.0	0.64	-0.64	0.0	-0.19900097996665822	-0.21995861719764398	-0.02983492790111808	0.595772907504228	-0.6594226817629198	-0.09096964980543709	7334.118106984533	12101.762385718757	0.006380120005734753	549785.9865392384	567232.2058411664
49.0	2.0	1.0	1.0	-0.1	0.0	0.0	0.01714010760856984	-0.0006524512627598122	-0.023319707026782988	-0.05261798594788414	-0.0020544616089963608	-0.0702337834744895	16.516348958248273	10751.339074718999	0.0068228963468716045	567486.6964092944	583099.6370786597
50.0	2.0	1.0	1.0	-0.64	-0.64	0.0	0.21153043522198667	-0.19846164313039538	0.0056334401464679384	-0.6337497045530806	-0.5962265305040656	0.016808766308023637	16.570685053011402	5717.650696955388	0.006964597849594327	583354.629070469	595550.0402597536
51.0	2.0	1.0	1.0	0.5	0.0	0.0	-0.15038834635109277	0.0007733127353988234	-0.04631439688717243	0.4512621468739951	0.001316490725455699	-0.13651700617994256	16.266184131382033	11919.086628506193	0.0071374563458594924	595805.4589175299	613223.9121111779
52.0	2.0	1.0	1.0	0.0	0.5	0.0	-0.0002800535600682684	0.15683221093358535	0.0014551842526908665	0.0014875461516504103	0.46991398587645483	0.005555756466014916	4005.9959331847494	7801.645909552462	0.008852740239821064	613473.1470298138	626985.3518644959
53.0	2.0	1.0	1.0	-0.9	0.0	0.0	0.2918481680751644	-0.005480808560291983	-0.012287945372698506	-0.8743468411033187	-0.01673374914302672	-0.038466033417248635	5517.182968964335	9001.196852739668	0.006112784907373511	627256.7154305725	641669.6577044931
54.0	2.0	1.0	1.0	-0.9	0.0	0.0	0.2839900521661467	-0.0022653312416843763	0.004645624475473342	-0.8511285553855608	-0.006731255177908735	0.013524879835209225	16.552816130570136	20101.796300179558	0.007377097802951508	641924.6814227372	667738.0595523573
55.0	2.0	1.0	1.0	-0.49	0.49	0.0	0.14693425893234713	0.16300172973791516	-0.008428221561000093	-0.44225939410779425	0.48793700318585964	-0.02523888761731019	16.580895869992673	11334.659644548083	0.007317108501811719	667992.8491513274	685804.9731747451
56.0	2.0	1.0	1.0	-0.0	-0.1	0.0	-0.015502497504637534	-0.026583373818813594	0.008651415274283147	0.0472519858060753	-0.08004144491859155	0.025679583428708908	16.687015347997658	5501.0487959953025	0.007180527961808949	686060.7229544839	698039.0133148903
57.0	2.0	1.0	1.0	0.35	0.35	0.0	-0.10107191841000325	0.11401778279032615	-0.019297238117039095	0.30308627813572064	0.34075857742808724	-0.05830370794232809	16.78948813059833	11735.01053173095	0.007684494605681613	698289.5698040084	715440.2809868916
58.0	2.0	1.0	1.0	0.0	0.9	0.0	-0.000415518969968498	0.28733445090651877	-0.03490895704585806	0.0025089585792248403	0.8609999052388155	-0.10449798580912373	16.92915739840828	8384.560964361299	0.006725819320921646	715696.0457181704	729657.8299404209
59.0	2.0	1.0	1.0	-0.21	0.21	0.0	0.05685155244864519	0.06366483136578205	0.009006561379405476	-0.16867723947874314	0.19138292538021318	0.024410391393881348	16.583813237957656	11384.67000122182	0.008819079112321715	729913.3558117028	746292.4219018896
60.0	2.0	1.0	1.0	0.1	0.0	0.0	-0.018409436302433437	-0.005728924437101712	-0.017989532310996426	0.055843325105173716	-0.017089665490588213	-0.053602380407468564	16.746456836699508	6990.607513987925	0.007530567055281525	746547.5652324822	758409.2455962236
61.0	2.0	1.0	1.0	-0.21	0.21	0.0	0.05936980640426391	0.06058526183714463	0.006308957045847885	-0.17797994211850243	0.18123787713427741	0.01961352712289499	16.82559063192457	9151.065643833135	0.007899504304591373	758665.0748743996	773160.0701190764
62.0	2.0	1.0	1.0	-0.7	0.0	0.0	0.2172545474270832	0.0013978347099462551	-0.021611558709096812	-0.6524757662998397	0.0038050728469714024	-0.0629120393683067	16.76250240416266	10818.26728399028	0.006524991970252739	773416.1776418186	790710.8098192984
63.0	2.0	1.0	1.0	0.64	0.64	0.0	-0.19872115299150486	0.20926615598169607	-0.03865464255742479	0.5959045047859364	0.6283811148693891	-0.11674213778900588	16.76140839117579	6851.06440394884	0.007521248097375722	790967.3888626276	804294.7579892207
64.0	2.0	1.0	1.0	0.21	-0.21	0.0	-0.06371741525069924	-0.06406870818701949	0.0010248264286136788	0.19202621613854937	-0.19385695751324483	0.005546440833105848	16.657841610140167	13490.701599308522	0.013546836607584146	804550.6908341922	824528.9115422929
65.0	2.0	1.0	1.0	0.49	-0.49	0.0	-0.14983915846590778	-0.1694934792657783	-0.02581427481498766	0.4473163647948081	-0.5099694243816599	-0.07638995193409093	18.06912134634331	8035.9424139605835	0.012484583803870668	824769.7064975655	839286.3067210419
66.0	2.0	1.0	1.0	0.64	0.64	0.0	-0.19796704063021242	0.21059652773063864	-0.04812331578545925	0.593318474966336	0.6314011519090486	-0.14528548867017954	16.425545705715194	8384.41764836898	0.013138689670846764	839537.1560415806	852931.2043066311
67.0	2.0	1.0	1.0	-0.7	0.0	0.0	0.21973299796596574	-0.006601324913783624	0.013781918059049048	-0.6587458240678853	-0.01896237362847142	0.04102531471731652	16.72639990283642	8917.859143344685	0.012522011157236255	853171.2079241697	867115.3194232902
68.0	2.0	1.0	1.0	0.0	0.1	0.0	0.00232308342061463	0.017582638737333567	-0.024068986038011886	-0.006192387696109164	0.05384847151345806	-0.07239006637679601	16.4795171294827	9501.125377079006	0.013308719964487969	867372.0720503916	881349.443073268
69.0	2.0	1.0	1.0	-0.35	-0.35	0.0	0.10774586918392613	-0.11232710326237061	-0.016462722209515945	-0.321586774599592	-0.3353952153820702	-0.047923300526464985	33.45936388359405	6934.476141701452	0.013246695747304265	881606.3557912712	893466.7280773865
70.0	2.0	1.0	1.0	0.35	-0.35	0.0	-0.10464264311118818	-0.11895858015448624	-0.022214206149394178	0.3121799885606612	-0.3562283549920128	-0.06613907072559155	382.5910074956482	10900.722852384206	0.012759224822896029	893723.457365486	909467.6685658778
71.0	2.0	1.0	1.0	-0.49	-0.49	0.0	0.15341888722002442	-0.15150009063144665	-0.006861081864647067	-0.45964164546219993	-0.45401473279075566	-0.02012547493704031	16.94556762231514	29768.313816093723	0.014542734704714209	909724.2589140369	945969.3329278089
72.0	2.0	1.0	1.0	0.0	0.5	0.0	0.004434083360783627	0.1526680927092724	0.00541410696573652	-0.013399357903067805	0.4573245233827997	0.01779874113067259	16.689932730514556	11573.94923477841	0.013296084197168136	946213.3548635466	962702.8001686267
73.0	2.0	1.0	1.0	0.64	-0.64	0.0	-0.230268247015053	-0.20923961317736706	0.002922583352398478	0.6917758192523273	-0.6275246238906673	0.009133966582716146	16.627573859295808	6866.673449563677	0.013037578334842296	962944.3503591319	976286.6611820064
74.0	2.0	1.0	1.0	0.5	0.0	0.0	-0.1506442092740451	-0.003101737086155132	-0.029583894102399366	0.4525800132935809	-0.00936994980560979	-0.08714948500804498	16.55500417109579	20018.466248904588	0.015067708263060017	976528.6004772788	1002111.340854317
75.0	2.0	1.0	1.0	-0.0	-0.7	0.0	-0.0009380399686091216	-0.2192019692432572	-0.019516380560013147	0.0024904271701045623	-0.6569585222583256	-0.058823804074179975	16.607152225333266	7201.074906493886	0.015762018998726996	1002363.5456598131	1014774.0657838585
76.0	2.0	1.0	1.0	-0.07	-0.07	0.0	0.009623983864601117	-0.0171259514462635	-0.023245792324712022	-0.029130905782381762	-0.05014782194304401	-0.06891338979171446	16.630126556265168	8318.35334651987	0.01349099871354494	1015031.0973848682	1028157.491525024
77.0	2.0	1.0	1.0	0.0	0.3	0.0	0.006007105974181286	0.08642940776563057	0.007485091935603538	-0.018571595573272707	0.26022693223048776	0.02227216754405026	16.72092982335016	11101.444391941186	0.013172395878227895	1028415.082167834	1044497.8243682417
78.0	2.0	1.0	1.0	0.0	0.7	0.0	-2.070554532841544e-05	0.21964124186514322	-0.011126207370123264	-0.0002292068261651927	0.6597976959818803	-0.03415683222710131	16.60569355590269	7217.656896391418	0.013469976204254311	1044765.5080315308	1058458.882529012
79.0	2.0	1.0	1.0	0.0	0.3	0.0	-0.006098193110013772	0.08847585797941804	-0.01740229648280578	0.018294579330041152	0.2642622800896517	-0.05037580682081377	16.651642188662663	11234.45258391439	0.013383533489786307	1058716.852065787	1074961.3451574405
80.0	2.0	1.0	1.0	0.0	0.7	0.0	-0.005589105359905609	0.22126651388096674	0.00024374761577128368	0.017414701551162766	0.6641232343786235	0.000731242847313851	16.642160728224553	6334.8700601636665	0.013991273260131965	1075218.471573098	1086444.0976415935
81.0	2.0	1.0	1.0	-0.49	-0.49	0.0	0.15250983933077822	-0.1583648906423527	-0.015488174258023957	-0.45749714871876224	-0.4744149171820403	-0.04536587319750973	16.977658742689528	5684.337566446629	0.013955512002658274	1086702.1503235302	1098861.091418832
82.0	2.0	1.0	1.0	-0.0	-0.5	0.0	0.002100425977468536	-0.16495475143841498	-0.027217166399632342	-0.007434202507435501	-0.491918650420167	-0.08105639734492587	16.755208969698288	6567.792846020893	0.01443975874873915	1099119.764407442	1112161.8872784893
83.0	2.0	1.0	1.0	-0.1	0.0	0.0	0.016712056334849776	0.0006884674744865871	-0.027396559090555606	-0.04958589135382048	0.00015561528269480984	-0.082281231403047	16.65565358416643	17251.690982986474	0.015267792182329	1112420.23242719	1134680.094610434
84.0	2.0	1.0	1.0	-0.07	-0.07	0.0	0.0075788230268778786	-0.023911160808330778	-0.026786617837790683	-0.02202434506204347	-0.07186295951928179	-0.08049718471044232	16.587095276918262	9017.836096085375	0.013127180422922534	1134940.95015958	1150430.6737091974
85.0	2.0	1.0	1.0	0.9	0.0	0.0	-0.28270548833418857	0.003599463221239052	-0.03742442969403714	0.8485372655590051	0.011024974578723201	-0.11144930189968982	16.696496808435768	20151.890531356912	0.015353354892433465	1150689.1701966815	1177315.4950492173
86.0	2.0	1.0	1.0	-0.7	0.0	0.0	0.2176814388018333	-0.007043062995345406	0.0019096131838138852	-0.6535298555090842	-0.020967342618175233	0.005728839551441656	16.63851400371641	14418.231108546024	0.014472963421098382	1177574.6913418116	1198466.7557924404
87.0	2.0	1.0	1.0	0.3	0.0	0.0	-0.0841383537412195	-9.104937167914162e-05	-0.03817119096663735	0.2528682310536704	-0.00046736375647093986	-0.11373536278318053	16.554639500100166	30602.01802062511	0.014024879362351592	1198725.3981486284	1235802.0452251367
88.0	2.0	1.0	1.0	-0.0	-0.9	0.0	0.012916554003100126	-0.29152564602816755	-0.030853299763451414	-0.03894387765073406	-0.8757422319331047	-0.09407054245812718	16.95906049280893	7617.753972008359	0.014571044056353243	1236061.2298482303	1250152.796376031
89.0	2.0	1.0	1.0	-0.07	0.07	0.0	0.006831168335663204	0.019573732098433716	-0.029859136339327463	-0.019813750261971644	0.05868882702172895	-0.09127116044851569	16.775995274656452	10950.842975260457	0.014557369551150254	1250412.0243950747	1265837.2076061787
90.0	2.0	1.0	1.0	-0.7	0.0	0.0	0.21945736281173975	-0.009188752007026402	0.018420523384481857	-0.657854180058063	-0.027501517473934478	0.05489535362792486	16.603505515377037	10419.00749472552	0.014062713650376335	1266095.9856202535	1282988.0044869205
91.0	2.0	1.0	1.0	-0.0	-0.9	0.0	0.000268352067671904	-0.28522224251346384	-0.03631700617986988	-0.0009992718444493103	-0.8560551588232589	-0.10876791027684929	16.79349951155018	26718.910273251822	0.01362524649891936	1283247.2179190954	1316439.7875859868
92.0	2.0	1.0	1.0	0.49	0.49	0.0	-0.1498256442941915	0.15685535496418945	-0.04082211795220858	0.45096591946689957	0.47011289506255627	-0.12457209887836984	16.92186397849582	8251.336886707577	0.01374867535237478	1316699.7883445001	1330157.5520605403
93.0	2.0	1.0	1.0	0.5	0.0	0.0	-0.15315592463640237	-0.004516500926179723	-0.04187714198517556	0.45865854206990003	-0.012740270939231912	-0.12604341954673748	16.69977886194829	10851.452050046646	0.015035054210029444	1330432.9036770505	1347758.2328297868
94.0	2.0	1.0	1.0	-0.64	0.64	0.0	0.20397935266255965	0.2021816279469002	0.027686099031076994	-0.6105461792240708	0.606447776019984	0.0817307621882184	22.698994100210257	10484.59772329079	0.011821156726952128	1348017.8856914425	1363709.8919404526
95.0	2.0	1.0	1.0	0.0	0.5	0.0	-0.008396157974336602	0.1560508760132161	-0.009110658426781715	0.02402318007440755	0.4676994582096362	-0.027148867017584788	16.686286006006412	23850.987093537697	0.012433539402664713	1363968.86432459	1394294.4735452475
96.0	2.0	1.0	1.0	-0.64	-0.64	0.0	0.20242959276710257	-0.2082803281755362	-0.006175661860051029	-0.6073211475748799	-0.6248086152530364	-0.01784032959480175	16.560109579586424	15334.924760914873	0.012712874170566796	1394553.875148049	1416361.7332411376
97.0	2.0	1.0	1.0	0.64	0.64	0.0	-0.19732554636655714	0.21701908793623814	-0.05839876401919586	0.591361622901798	0.6514133258180099	-0.17373142595550473	16.523277721717022	18935.176311497344	0.013205812509998771	1416605.5050120484	1442013.5406273475
98.0	2.0	1.0	1.0	0.35	0.35	0.0	-0.10404023474537143	0.11268318685117606	-0.041349935149133765	0.3143865533861742	0.3368195281577814	-0.12391247425033103	16.13745499344077	11734.45695998089	0.012571027986544824	1442248.2028975356	1460447.7348777873
99.0	2.0	1.0	1.0	-0.35	-0.35	0.0	0.11423913467276828	-0.10069813961831187	-0.0166530785076362	-0.34556590009266586	-0.3025475886849477	-0.05069166857395002	16.860234434716403	21117.428320110776	0.011833205462348107	1460707.910314086	1488298.3751684804
100.0	2.0	1.0	1.0	-0.0	-0.7	0.0	0.0026236644950066376	-0.2146265670289389	-0.025470153353128966	-0.008291794041459473	-0.644365240190401	-0.07499137102299414	16.343129871529527	6650.717382290168	0.013518795950876473	1488542.8981632139	1501666.678700829
101.0	2.0	1.0	1.0	0.0	0.7	0.0	-0.004605489454106933	0.21799970968422666	-0.010743793392796075	0.014593330928055526	0.6542580832412589	-0.031727832455797245	16.700508203939535	12034.665333427256	0.012565241829073731	1501926.9099319063	1519151.35336986
102.0	2.0	1.0	1.0	-0.5	0.0	0.0	0.15216662252821228	-0.004714633249719435	-0.013645204852333448	-0.45695303741464877	-0.01369072991914655	-0.040889837491310255	16.56047423603013	13368.053367521497	0.012112803262315177	1519415.8468845272	1539251.7730341204
103.0	2.0	1.0	1.0	-0.35	0.35	0.0	0.1053876489168486	0.10652060586114642	-0.0151999237048428	-0.3158392540148228	0.3202092030548852	-0.047293522545061695	16.60970493685454	8018.101941808709	0.012608102149476202	1539499.1266111173	1553986.2781307749
104.0	2.0	1.0	1.0	-0.21	0.21	0.0	0.06302461029355236	0.0570188152749429	-0.019033447775957946	-0.18972121635210284	0.17079749163625046	-0.05806166170736571	16.35808142600581	9217.380839865655	0.013601640776280788	1554233.8344652671	1569537.4262633706
105.0	2.0	1.0	1.0	-0.0	-0.7	0.0	0.005445078277145434	-0.21275918363655422	-0.013073373006749378	-0.016982620302881907	-0.6397665374939877	-0.041280086976302144	16.656018255162053	9519.484047807055	0.01320725268442885	1569797.5590330607	1585787.9929632908
106.0	2.0	1.0	1.0	0.0	0.3	0.0	0.001813903957564405	0.08473764926188898	-0.02153659876398928	-0.004114571656229474	0.2534684544935044	-0.06428935683213721	16.530206499737687	6750.638540266664	0.012658948977221524	1586038.5447116713	1597805.1912484516
107.0	2.0	1.0	1.0	0.0	0.7	0.0	0.010878638487778439	0.23103579262487162	-0.017466178377947505	-0.03344514730264224	0.6922981460353079	-0.051894987411251536	16.824861289933324	7607.009283092339	0.01259606398393351	1598055.300649983	1612122.876151625
108.0	2.0	1.0	1.0	0.49	0.49	0.0	-0.14932344580447546	0.15474126375838626	-0.0371215075913498	0.44890904634702256	0.46483880747303186	-0.11099830624852869	16.47550571942702	8500.957628057222	0.012076784824276605	1612384.163836803	1626290.785619669
109.0	2.0	1.0	1.0	0.0	0.9	0.0	-0.006593971693804886	0.28615729911401955	-0.010249599450675273	0.020235084911426747	0.8573066034934556	-0.031115014877546532	16.672428479068913	9117.904216778697	0.011845709717997591	1626550.2244189992	1640874.648821089
110.0	2.0	1.0	1.0	-0.0	-0.5	0.0	0.0004068925585611772	-0.14640883548885175	-0.009585633630875723	-0.0024183407978579843	-0.440942077965886	-0.02921467154952806	16.686650677002035	7110.114463182981	0.013752778172865557	1641135.7144211652	1654708.4314300301
111.0	2.0	1.0	1.0	0.1	0.0	0.0	-0.01769843441866066	-0.001290093582868579	-0.013243160143426635	0.053613211633138466	-0.005035574597207826	-0.03835616845957723	16.681909954058938	5517.684027960058	0.012514469881723231	1654975.037852928	1666958.8690361562
112.0	2.0	1.0	1.0	-0.3	0.0	0.0	0.0839345891640815	0.00024420998445850994	-0.012953444724197238	-0.2522245680486841	0.001347646151248938	-0.04027942320898448	16.345682568498887	8484.20096038899	0.012293082173300168	1667204.1056935415	1680677.1498859306
113.0	2.0	1.0	1.0	0.49	0.49	0.0	-0.14966830265023573	0.15462722141271334	-0.046226184481583665	0.44874595376212895	0.4636227100495618	-0.13790034332801948	16.948485004832037	8384.859630546998	0.012976975959872942	1680938.073628684	1694911.0215477268
114.0	2.0	1.0	1.0	-0.35	-0.35	0.0	0.101868590971164	-0.11559224583640193	-0.009431738765564468	-0.3043757405177452	-0.34697095315063964	-0.02742545204858171	16.612622304819524	8801.58464469423	0.012492557218940796	1695172.5491869291	1710444.9447741061
115.0	2.0	1.0	1.0	-0.64	-0.64	0.0	0.20579751317959893	-0.19774220365598594	-0.038373960479147096	-0.6175220166330859	-0.5934208266093917	-0.11809739070729708	16.783653365564533	32952.65612327785	0.012081669353696969	1710689.7241331027	1748680.6576636445
116.0	2.0	1.0	1.0	-0.0	-0.3	0.0	0.005231441071568234	-0.09659768636023547	-0.028220141908910534	-0.016082754497572065	-0.2892751507035499	-0.08530130464639285	16.56922636902891	5334.315759071615	0.013113912908060046	1748942.2206760063	1759047.95652529
117.0	2.0	1.0	1.0	-0.64	-0.64	0.0	0.21113323726085959	-0.1995326183106917	-0.025904959182135645	-0.6333349732354343	-0.5985978549320751	-0.07753176928364658	16.6290325432783	32385.79173157632	0.01187272588045168	1759309.8386254422	1796683.491163276
118.0	2.0	1.0	1.0	0.64	0.64	0.0	-0.19834197932087932	0.2059750424605019	-0.06693868162051864	0.5949935686890657	0.617374849730777	-0.2009075989929361	16.654559556627646	10866.993631367222	0.011643155170046068	1796945.3914970218	1813273.4852264111
119.0	2.0	1.0	1.0	-0.64	0.64	0.0	0.2041748900493307	0.2046751787519009	0.01289697871364548	-0.6136899639965945	0.6142197518971365	0.038782490272316616	16.56776768504642	11368.008512901724	0.012558722614938027	1813529.468760753	1830151.3442530558
120.0	2.0	1.0	1.0	-0.9	0.0	0.0	0.29117921927264007	0.004520503926337849	-0.0076392919814112226	-0.8718220863185893	0.014888651995477287	-0.022048111696121975	16.794958180980757	17383.7506636919	0.010508560837180884	1830413.7934178142	1853068.8069981989
121.0	2.0	1.0	1.0	-0.3	0.0	0.0	0.0856123317723643	0.005094454305806795	-0.009266926070068182	-0.25641619476065336	0.015121516549559066	-0.029448752575047754	16.750832903198898	9117.804661378614	0.012424986434259221	1853315.2795281932	1867404.3309148257
122.0	2.0	1.0	1.0	0.64	-0.64	0.0	-0.20479683327174936	-0.21394603002647516	-0.04663266956592338	0.6115743730144594	-0.6400577800329497	-0.1391655756467287	16.572508407989517	17551.665237144334	0.012632888215290508	1867665.8760582795	1891688.2607052976
123.0	2.0	1.0	1.0	-0.5	0.0	0.0	0.15429229653906715	-0.00848939227198875	-0.0003759365225226574	-0.4626503047021956	-0.02601845446669493	0.0007032730600355919	16.55719221162144	32335.774446139112	0.011238387036106134	1891934.12678616	1930740.4142379528
124.0	2.0	1.0	1.0	0.64	0.64	0.0	-0.21111617865368779	0.20833668308081765	-0.0314695506218543	0.6328953661310516	0.6236505397524167	-0.09532419317936469	15.89604229957331	8717.123746260768	0.012739718645756893	1931003.153316764	1946191.9380553882
125.0	2.0	1.0	1.0	-0.21	-0.21	0.0	0.05359220936946756	-0.06701874667258689	0.005070328831868087	-0.16067952028768576	-0.20251285732851354	0.015439871824054707	16.620280424831435	15433.13670232601	0.011813081368487131	1946453.8733976223	1968109.4405497424
126.0	2.0	1.0	1.0	-0.7	0.0	0.0	0.22051047015301925	0.006198063108731722	0.006607843137209857	-0.6622435344776479	0.020665822834821435	0.020601739528361085	16.559380237595178	17885.01534538227	0.012406367617180324	1968388.1431351183	1992743.7838050681
127.0	2.0	1.0	1.0	-0.0	-0.5	0.0	-0.0019730043320518222	-0.15652002547462673	-0.006399702449110478	0.006469290646884314	-0.46836241330170525	-0.01759691004817765	16.6815452685114	7467.781614119303	0.01173723554147662	1993006.7136072177	2006944.6205809072
128.0	2.0	1.0	1.0	-0.07	-0.07	0.0	0.007896090461796568	-0.02098716340336959	0.0004505912870547135	-0.02177848424462492	-0.06461232316229548	0.0008940032042632495	16.682274610502645	6400.733427857631	0.011386527629077301	2007208.2082509152	2018262.5173583655
129.0	2.0	1.0	1.0	0.35	0.35	0.0	-0.10420182755392335	0.11131445751304792	-0.02340304417490091	0.31351182232179375	0.33387863399199935	-0.07025490959039282	16.83215470984578	9134.698810288683	0.011503388124048951	2018525.181679477	2032846.3331524543
130.0	2.0	1.0	1.0	-0.07	0.07	0.0	0.007795713344448766	0.022593984933240385	-0.003521736476731263	-0.02309581657119586	0.06949752629905226	-0.01152652780968566	16.572508407989517	10917.960886756191	0.018967910393590633	2033109.2950457097	2049013.8491396648
131.0	2.0	1.0	1.0	-0.64	0.64	0.0	0.2025359905693345	0.20421352817220928	0.05961191729607429	-0.6082877264530213	0.6141619403745248	0.1762264591438878	16.807357023935765	14218.91793134273	0.029790801066318057	2049276.8019161304	2069948.0988202123
132.0	2.0	1.0	1.0	-0.35	-0.35	0.0	0.10232225173515838	-0.11624086673512368	0.030358167391444146	-0.3064488468283185	-0.349758416959684	0.09194426642244413	16.860599105712026	7301.256804770674	0.029032202127108445	2070213.0806303758	2083998.8180988003
133.0	2.0	1.0	1.0	-0.0	-0.5	0.0	-0.0011901318711905603	-0.14899706102417398	0.005751140611856664	0.004865166556463058	-0.4467969674310881	0.016795651178669102	16.56083892157767	8517.694238762488	0.02734521554823957	2084239.0419780859	2099233.1762327375
134.0	2.0	1.0	1.0	-0.0	-0.5	0.0	0.007330976894013631	-0.1525924619015776	0.0033257724879538486	-0.022251884870619135	-0.4582952940818893	0.009977317463861546	16.60715223988518	7185.529313777806	0.028370497311488208	2099496.8652815004	2113167.1688196803
135.0	2.0	1.0	1.0	-0.0	-0.9	0.0	-0.0006187440592137106	-0.30873478111263686	0.014812870984943327	7.5922131165468e-05	-0.9210576288399176	0.04247019913015615	16.752656258177012	7284.441789626726	0.02799824524344042	2113431.1452297987	2127184.8378961002
136.0	2.0	1.0	1.0	0.0	0.5	0.0	0.005995868441372241	0.15297409024210606	0.02317533379106962	-0.01834366733341189	0.4605083651313605	0.06952600137320886	16.76359641714953	9840.646825599833	0.028846054005240228	2127447.937270612	2142352.3524246267
137.0	2.0	1.0	1.0	-0.35	-0.35	0.0	0.10555036386021728	-0.12539675313971466	0.013154108491600924	-0.31519447426989883	-0.3757694588627044	0.039874319066013575	16.74208079930395	18768.51475024887	0.028343314867839267	2142616.0531428903	2167853.5036933897
138.0	2.0	1.0	1.0	0.1	0.0	0.0	-0.03016839494916329	-0.0016322475942852632	0.012411635004164534	0.09131441668679696	-0.004864373509283593	0.03741801327525396	16.62028041027952	2551.35781885474	0.02865896490871179	2168117.42430873	2177137.304025382
139.0	2.0	1.0	1.0	-0.0	-0.1	0.0	-0.013246920204058422	-0.02435343298291215	0.015663050278453383	0.039740760612175435	-0.07338399168445942	0.04904911879141416	16.612622304819524	3734.277541472693	0.02923229429451386	2177401.415728731	2187604.5422785827
140.0	2.0	1.0	1.0	-0.07	0.07	0.0	0.010860700515340212	0.01403709733098002	0.016978286411817756	-0.0315462847917075	0.04139916797435006	0.05024820325010193	16.911288490518928	8648.962581763044	0.030060061834460753	2187868.943166628	2200986.472865494
141.0	2.0	1.0	1.0	0.35	-0.35	0.0	-0.1161172538742222	-0.10121865911687145	0.03327006942852195	0.34708935995334755	-0.30381782371847565	0.09912355230021452	16.35735206946265	8883.83672623604	0.030012854906442767	2201214.0185661702	2216520.703874849
142.0	2.0	1.0	1.0	0.07	-0.07	0.0	-0.01616904019115968	-0.011108244534991485	0.002244296940534518	0.04730945745130459	-0.03639981459434116	0.0076942092010954255	16.494833325850777	3166.795031123911	0.02970129847502255	2216782.371183348	2226421.204642116
143.0	2.0	1.0	1.0	0.0	0.1	0.0	-0.006431121878463017	0.021567954489306262	7.0267795548861756e-06	0.019163888541099766	0.06476860201506351	0.00029574273280519314	16.87117459368892	6367.289380184957	0.029486443901421112	2226664.2813486396	2237505.282270533
144.0	2.0	1.0	1.0	0.0	0.1	0.0	-0.000290692261316422	0.019424709357782066	-6.070038914174347e-05	0.000613122595371024	0.05769148114904532	-0.00041098649587567593	15.208271346637048	5749.590838284348	0.03029807945775751	2237758.487735351	2247972.4680109937
145.0	2.0	1.0	1.0	-0.64	-0.64	0.0	0.20516321028955534	-0.20946844236201012	-0.004697344930227887	-0.6171404638208524	-0.6291498203781929	-0.014687136644654819	3.5048603458562866	17579.08782463346	0.02941410287808242	2248232.5453505763	2272292.623565372
146.0	2.0	1.0	1.0	-0.49	0.49	0.0	0.17245069833518953	0.16575531910216035	0.09966173800256106	-0.5155394156855209	0.49325216738351796	0.30159450675201827	16.743904154282063	13351.491434586933	0.029166836927804408	2272557.5809425353	2292377.0027773427
147.0	2.0	1.0	1.0	0.49	-0.49	0.0	-0.14677139832724756	-0.16802086613900624	0.0036074616616756927	0.4412852731889111	-0.5045805067941755	0.01123437857623788	16.633043938782066	10985.116651208955	0.030145073879571792	2292641.9473909917	2310094.7092690766
148.0	2.0	1.0	1.0	0.21	-0.21	0.0	-0.06257586965914169	-0.0575124952508419	0.024904234378549717	0.1874362855152745	-0.17237563938466438	0.0745295948728888	16.402936045778915	10267.822967900429	0.030072285546799804	2310359.6615408314	2327095.826258694
148.0	2.0	1.0	1.0	0.21	-0.21	0.0	-0.054811435822720606	-0.06624410140208203	-0.024061051346616624	0.16469326165674006	-0.19950916677198083	-0.07145072098880845	17.10894057760015	13618.55807324173	0.001894955313816418	0.0707463186699897	18492.670462175738
149.0	2.0	1.0	1.0	-0.35	0.35	0.0	0.10098992704004468	0.11651991684770391	-0.002303845273525784	-0.301804487271532	0.3493007963545335	-0.007140421149027798	16.610434278845787	10634.60180760012	0.001859207217844109	18745.91640556173	35160.244432190666
150.0	2.0	1.0	1.0	0.64	-0.64	0.0	-0.199938205308549	-0.2148415151900881	-0.04135070572976618	0.5981314136998881	-0.6431650360802287	-0.12277035934997604	3466.7379235324915	17601.590260645025	0.002250537710483525	35412.08456591994	58744.88110242237
151.0	2.0	1.0	1.0	0.21	0.21	0.0	-0.0538122017424229	0.06794072069174129	-0.017032982375825068	0.16234294488729253	0.2029158224152	-0.05187715724420672	16.587095291470177	9202.168557123514	0.002325199406547134	58996.82115622272	73295.58032406203
152.0	2.0	1.0	1.0	0.3	0.0	0.0	-0.08421292175777179	0.002815161117464049	-0.017417555504691595	0.25215322616973107	0.009578407927422039	-0.0526188830395955	16.59438872593455	13634.543460124405	0.001818626060095328	73547.91094132815	92346.8673965981
153.0	2.0	1.0	1.0	0.21	-0.21	0.0	-0.06540237081210945	-0.06292086677175113	-0.015935164415966874	0.19562446551202714	-0.1881799533909525	-0.048629480430322225	11616.91121556214	12601.41412417579	0.0025266026832618405	92599.70928367693	110030.53651969822
154.0	2.0	1.0	1.0	-0.0	-0.1	0.0	0.0073202302951886206	-0.022450179040522378	-0.01364864576180147	-0.022996507639878996	-0.06650893600868768	-0.042181918059036816	4198.497771125403	8483.409257984022	0.001565246001463472	110283.79303855763	123465.12826235266
155.0	2.0	1.0	1.0	0.49	0.49	0.0	-0.1473351523855393	0.162210387317137	-0.04813526359960618	0.44207019570376244	0.48701959323427835	-0.14573332570383113	6100.318650191184	9851.05419314641	0.002827398613090058	123720.88679420995	138916.81982880982
156.0	2.0	1.0	1.0	-0.0	-0.9	0.0	0.005804992229996309	-0.2873828106012297	-0.008282528419936819	-0.017414976689988926	-0.8618894776151109	-0.024939139391190634	5900.874920494971	10408.119489817182	0.0022102669577482277	139176.02341485326	154618.34911632468
157.0	2.0	1.0	1.0	0.35	0.35	0.0	-0.10112197209670351	0.1142085888682769	-0.042575410086212795	0.30346302411082726	0.3425933973312585	-0.12800089265277892	16.618457055301405	10401.467876785318	0.0023158602157729324	154868.8162608596	170501.16111490934
158.0	2.0	1.0	1.0	-0.21	0.21	0.0	0.06298487701024316	0.05543923248878102	-0.010678187228194469	-0.18866330756857905	0.16673849802278262	-0.0324923323414843	4783.9863146073185	21001.855449954746	0.0028955415878418583	170749.46539119992	196935.94358090195
159.0	2.0	1.0	1.0	0.07	-0.07	0.0	-0.009697532249035828	-0.015139508470791041	-0.004142938887623515	0.02938392020925809	-0.04344399972446378	-0.014031013962023664	5917.0076347654685	6934.375492302934	0.004071288876070508	197175.91291930876	208909.15588696953
160.0	2.0	1.0	1.0	0.0	0.3	0.0	0.0053477007124829515	0.08451262886178412	-0.025410551613655796	-0.016722856882466657	0.2530523474817681	-0.07444634927905391	5372.947991971159	7817.918293105322	0.0037738505160769364	209156.0273678915	221953.82088489714
161.0	2.0	1.0	1.0	0.9	0.0	0.0	-0.28469714276269575	0.0004030244303740993	-0.03662902265967638	0.8531850886280637	0.0007559034611102078	-0.10970395971626878	16.508326181792654	10652.29677571915	0.0037807604434414266	222207.15252615628	238204.76064404647
162.0	2.0	1.0	1.0	-0.64	0.64	0.0	0.21224607670163875	0.2010598384019856	0.12483121995877555	-0.6367705993784887	0.6026292375552281	0.37499720759891764	6750.4467229155125	34702.47305804514	0.0035444509649867066	238458.16047891276	278390.3008979687
163.0	2.0	1.0	1.0	0.7	0.0	0.0	-0.21759856806660893	0.004594473111338759	-0.019053917753903526	0.6542199522370074	0.013912896428305066	-0.057894186312752005	8283.72520962148	12423.994381140801	0.05125491776918555	278645.4544393637	296424.6657418553
164.0	2.0	1.0	1.0	0.5	0.0	0.0	-0.15040599839494706	0.0010391831587688305	-0.01322663462275786	0.45173590356199783	0.001240131609113737	-0.03931368734275287	16.568861698033288	8801.234559810837	0.0037042734372868457	296665.65032645303	310593.3902513061
165.0	2.0	1.0	1.0	0.1	0.0	0.0	-0.023831451472158222	0.011988267975598155	-0.010116662851958447	0.0693903516342762	0.03547926482321018	-0.030624650950015875	1483.1769620795967	5150.861427653581	0.0034554071397506878	310846.22448026494	320882.0374357456
166.0	2.0	1.0	1.0	-0.5	0.0	0.0	0.15643919400362893	0.007634740946979246	0.00229031815055869	-0.467763856879417	0.022580530105215102	0.00737450217426705	2249.885128403548	9400.970099828555	0.0037825475003282075	321129.43258532323	335677.082421651
167.0	2.0	1.0	1.0	0.64	-0.64	0.0	-0.1996303411476025	-0.2046426368422044	-0.0650936675059739	0.599862101649976	-0.6146400345452032	-0.19573877317482258	23.04689095763024	22835.18878328323	0.0028932734925602643	335930.4220856866	364111.61508748773
168.0	2.0	1.0	1.0	0.07	-0.07	0.0	-0.014776594965262745	-0.012526908872468545	-0.008316227969852541	0.04445926199007735	-0.03809863499456212	-0.025726894026289138	16.72092982335016	12684.75365692575	0.0026922430546271634	364365.5097819574	381829.3912315421
169.0	2.0	1.0	1.0	-0.64	0.64	0.0	0.20283420868675708	0.206053742954323	0.028358419165271043	-0.608243671871693	0.6158953797129092	0.08580769054685455	16.51671364379581	11240.504676563432	0.0024607591160885453	382082.9777783656	398830.2967115451
170.0	2.0	1.0	1.0	0.21	-0.21	0.0	-0.05217174314241585	-0.06780278982216292	-0.02052481879917023	0.15651522942724772	-0.20483261750366943	-0.06079624628077851	8466.855347840465	11069.028718629852	0.004190980523451599	399084.2085455806	415047.8879669972
171.0	2.0	1.0	1.0	-0.07	-0.07	0.0	0.020172757875163153	-0.015611096417465498	-0.010048912794737186	-0.057928731739706876	-0.04508534847949286	-0.029368528267480043	5383.668977228808	5484.307079881546	0.003832394769470991	415301.7228552926	425548.4054362314
172.0	2.0	1.0	1.0	0.35	0.35	0.0	-0.10358548961071132	0.10630646153696277	-0.03643466849778676	0.3096882828042484	0.3185633226015935	-0.11012799267578188	3200.0304865650833	5900.894977457938	0.003825635128369049	425802.6130190701	436799.056375341
173.0	2.0	1.0	1.0	-0.1	0.0	0.0	0.01950434316565334	-0.0035571673704272166	-0.010859998474128663	-0.059030937874116333	-0.01371421382707616	-0.032168001831175186	16.556827526073903	4885.179083008552	0.004054478953029425	437053.57794057636	446539.0877079335
174.0	2.0	1.0	1.0	0.49	-0.49	0.0	-0.1533117341347418	-0.1523367068761886	-0.013011711299339757	0.45970861748921954	-0.45548876477066824	-0.03844003204404811	1432.933215473895	9767.935651485459	0.003154956806096219	446788.198638169	461450.50127780996
175.0	2.0	1.0	1.0	-0.3	0.0	0.0	0.08543595160066991	0.006849591847213898	-0.01064785229270715	-0.2565020704434434	0.020678252635930816	-0.031623117418290825	8567.096322934958	10435.69779212703	0.0038762634861538607	461705.081190521	477134.6058189956
176.0	2.0	1.0	1.0	0.21	0.21	0.0	-0.05409988905617523	0.07124476034285088	-0.024001380941532258	0.1620083437063749	0.2140903430378478	-0.0723245822844274	1550.0719862029655	7218.097419870901	0.004135471579733387	477389.1401477449	489652.0163431269
177.0	2.0	1.0	1.0	0.0	0.3	0.0	0.005030735390784261	0.08645517910228873	-0.017574586099090572	-0.013862173776606132	0.2583297205525532	-0.0532273060198627	5889.540557342116	10900.845017415122	0.003548649961029451	489906.5207687818	505769.56792231067
178.0	2.0	1.0	1.0	-0.49	-0.49	0.0	0.16296707303567787	-0.1528549767102293	-0.02237302967885002	-0.4901312515027804	-0.45960074688500085	-0.06789729915328158	117.54902647226118	14334.895587177016	0.0034421194409597496	506024.2010771035	525303.9801735285
179.0	2.0	1.0	1.0	0.35	-0.35	0.0	-0.10473204704479414	-0.10197145512768313	-0.014402944991276145	0.3162354053694363	-0.30672359722235665	-0.04288839551399781	2166.7344956222223	9567.85702824709	0.0037553388705552984	525559.13809099	540021.509070124
180.0	2.0	1.0	1.0	-0.21	-0.21	0.0	0.065385522605216	-0.0530519446140173	-0.0053825894560735055	-0.19706290747567218	-0.16045060478494344	-0.01591888303977007	7600.275618926389	20601.70841429499	0.003392983173039635	540276.092994216	565789.6186700236
181.0	2.0	1.0	1.0	-0.0	-0.7	0.0	0.010360395628129133	-0.22411732435837572	-0.018313160906451298	-0.03095170979009828	-0.6723519730751272	-0.05608390936160612	15333.665913974983	18318.33110153093	0.004148959628463751	566044.6332714928	589224.1746748623
182.0	2.0	1.0	1.0	-0.21	0.21	0.0	0.0627252970157094	0.05697646008049462	-0.012146738384137157	-0.18749613630211026	0.17128544225077869	-0.03689798580931236	7433.806239670957	9401.475534890778	0.0032444144930405686	589479.8956455343	604058.2741835678
183.0	2.0	1.0	1.0	0.0	0.7	0.0	0.00241591849722057	0.22625651254097445	-0.02818992904562978	-0.007215386218089679	0.6751118097092554	-0.08411201647998845	12017.062627273845	17085.12204834551	0.0038281144267540913	604313.6519981053	626476.4680955996
184.0	2.0	1.0	1.0	0.7	0.0	0.0	-0.21643508689732652	0.0008955822714519224	-0.03155434500657295	0.6497907997955639	0.00265437754078357	-0.09631100938456205	49.955655907979235	14584.832863634801	0.06987911009080797	626716.2627562211	646960.6931243325
185.0	2.0	1.0	1.0	-0.5	0.0	0.0	0.1514199335203267	-0.005153630732766312	-0.01758857862221097	-0.453450568721673	-0.014651660358992014	-0.052582627603872556	16.631949911243282	19901.591865200317	0.004153526447112655	647201.7243869195	672212.0628314879
186.0	2.0	1.0	1.0	0.9	0.0	0.0	-0.2863861552730606	0.00914506427747619	-0.04469166857413498	0.8583492339798744	0.028179686124590764	-0.13288480201446262	16.645078096189536	18101.710237649968	0.004109132770851243	672467.4012614705	697046.5142484609
187.0	2.0	1.0	1.0	-0.21	-0.21	0.0	0.06040969629216902	-0.08175340184903923	-0.007934973678286106	-0.18174699725366353	-0.24538968264140681	-0.02371336690347814	16.60496419935953	19551.739630187512	0.0034422022546512694	697301.9897950289	722031.7351957929
188.0	2.0	1.0	1.0	-0.1	0.0	0.0	0.01906147215951639	-0.0017375664207140984	-0.015802830548660163	-0.056860723742826365	-0.006054300375022081	-0.04745426871167058	16.621739108813927	8917.885035043582	0.004379441960888131	722286.9602128485	736115.6155367644
189.0	2.0	1.0	1.0	-0.49	0.49	0.0	0.1514672034495001	0.15003166932560974	0.0038787975889846837	-0.45365711705633793	0.4498036845146788	0.011956832226784675	16.558650895603932	16601.59500136797	0.004412127434465572	736370.8956192713	758383.523837867
190.0	2.0	1.0	1.0	-0.0	-0.3	0.0	-0.006164701177446075	-0.08898833910836546	-0.021911367971407136	0.018235149343759985	-0.26754766424939724	-0.06550521858577096	16.513066919287667	13351.317121487227	0.004617314331930844	758643.2208248007	778467.7272780391
191.0	2.0	1.0	1.0	0.07	-0.07	0.0	-0.015786694331722542	-0.013656537176468642	-0.017519394216937823	0.046162419872993174	-0.041584627727279666	-0.05187152666546213	16.61262231937144	9284.32728270127	0.005272989817879583	778724.674639845	794485.1742693427
192.0	2.0	1.0	1.0	0.0	0.1	0.0	-0.012541383332638973	0.0237248594542937	-0.02079179064633463	0.037785996365778236	0.07133642473074209	-0.06283314259590478	16.721659165341407	7867.804296707618	0.0035820489836099886	794741.4633986191	807186.2006744923
193.0	2.0	1.0	1.0	-0.49	0.49	0.0	0.15185190147614885	0.15284077199402946	-0.020559411001861427	-0.4556851815227357	0.4589754858120998	-0.061998672465414906	16.679357242537662	14234.804492167314	0.0037331324987232776	807441.9971322204	827287.3154031549
194.0	2.0	1.0	1.0	0.49	-0.49	0.0	-0.15068270713007956	-0.15786537340745554	-0.05075503929208036	0.45269550686168447	-0.47217187218518597	-0.15171579308796002	16.530935827177018	10967.966502706986	0.004566281000559912	827543.6238600378	844977.5066807924
195.0	2.0	1.0	1.0	0.9	0.0	0.0	-0.28673746439401937	0.009470240604899205	-0.054594903486774315	0.8598563311727629	0.028702045276848387	-0.16433403524860402	16.65273620164953	15384.789248899324	0.0051227869375471986	845227.9869534977	867089.5903714991
196.0	2.0	1.0	1.0	0.35	-0.35	0.0	-0.10072347396975483	-0.11024525185304324	-0.03150899519349459	0.30327097721072216	-0.33319582035062334	-0.09338255893823155	17.46157818706706	6317.723558386206	0.004476141941589259	867345.883512171	880139.9865509011
197.0	2.0	1.0	1.0	0.21	0.21	0.0	-0.0584026610638337	0.057213165788364995	-0.036580308232343484	0.17624379994581407	0.17248109847797444	-0.11138889906187366	16.847470920765772	7384.409625577973	0.005252374072009496	880396.6618675913	892790.9318530583
198.0	2.0	1.0	1.0	0.35	-0.35	0.0	-0.10217741542055898	-0.11861966846529748	-0.03343441672397751	0.30591723006380356	-0.3542081724437057	-0.10103568322297396	16.53567656467203	19918.394846172305	0.004252053796367067	893063.6851832387	919042.4084090482
199.0	2.0	1.0	1.0	0.0	0.9	0.0	-0.0036504718015083135	0.2916117159266084	-0.011546837567788515	0.008070550056591748	0.8725369293561932	-0.034548958571985366	16.599858790868893	8067.776071111439	0.004948913751644929	919298.9579139685	932343.1145594514
200.0	2.0	1.0	1.0	-0.07	0.07	0.0	0.0073219728410828435	0.01794538500163212	-0.027955092698634054	-0.022386719079688422	0.053480092995601525	-0.08349906157038145	16.610798964393325	4934.283230351866	0.004763863603372623	932583.2505528379	941993.6379363644
