TN	hand	digit	Corr	TargetX	TargetY	EnsPercent	RawX	RawY	RawZ	ForceX	ForceY	ForceZ	RT	MT	EnsForce	measStartTime	measEndTime
1.0	2.0	4.0	1.0	-0.0	-0.3	0.0	-0.004509907305150894	-0.0846607431048132	0.02749556725412261	0.013367875547591362	-0.25375564439943354	0.08024362554355347	5168.263871135423	6552.996932747192	0.004162918459151909	0.03391453356016427	13597.21893510141
2.0	2.0	4.0	1.0	0.0	0.7	0.0	-0.002076976596717203	0.21687299353587552	-0.011843552300311866	0.005939606328001003	0.6502629185983314	-0.03452356145575364	17.673120033578016	12868.649366369937	0.003461576287509544	18651.061725540785	38448.829346787534
3.0	2.0	4.0	1.0	0.0	0.1	0.0	-0.0005961254898166129	0.016990843177344228	-0.003715291065841786	0.0019502228373111568	0.04990434350414752	-0.012839624628058655	4122.193344213883	7483.929068301222	0.002792046827496169	43502.1112710383	56972.02707180986
4.0	2.0	4.0	1.0	-0.07	0.07	0.0	0.013293862124592496	0.012089880520216312	0.000645719081420526	-0.03955789363805469	0.03620490301350454	0.0021202655070219345	2439.085299425642	2573.1272156117484	0.004401360649810455	62036.04130570602	70599.91969911789
5.0	2.0	4.0	1.0	-0.49	0.49	0.0	0.15285953538293762	0.154664143964108	-0.005527226672746299	-0.4578341128566505	0.46447797099590793	-0.014704820324945245	6644.131490669679	9034.637681528693	0.0035858629922760252	75637.77634419966	91401.60937236215
6.0	2.0	4.0	1.0	0.07	0.07	0.0	-0.012743688055539059	0.012896401972352312	-0.005067545586318278	0.03748657087445448	0.038527359549195284	-0.017766152437599825	3367.1474629663862	9951.227250363445	0.10338884705494897	96455.85002042935	112385.98789942625
7.0	2.0	4.0	1.0	-0.7	0.0	0.0	0.2166698008159031	-0.002571311510904395	0.026514180209077143	-0.6510775884755946	-0.007422611070562413	0.07844389105066929	4666.838548931992	7795.185011083959	0.04080711709485047	117440.26683810807	132670.04183157405
8.0	2.0	4.0	1.0	0.35	-0.35	0.0	-0.11736818926786569	-0.10247099502107726	0.025546507972855514	0.35126296669071766	-0.3070245537803644	0.07576975967045485	600.3328730002977	8784.520165849244	0.011351958270390507	137725.12487294443	153171.64110251178
9.0	2.0	4.0	1.0	-0.35	-0.35	0.0	0.10358167974721247	-0.10767578862766491	0.05112916151678493	-0.3100329152230471	-0.323286320071573	0.15402836347001603	16.55029361427296	9099.893989725388	0.011720522421453852	158226.39411535056	174739.3066191289
10.0	2.0	4.0	1.0	0.0	0.5	0.0	0.0013792590628182223	0.15395270185821774	-0.02759188830394288	-0.004720424112755878	0.4606280731789064	-0.08222634012354757	16.607911849860102	11467.84519070934	0.010576194325702358	179795.50154674507	198574.36381981825
11.0	2.0	4.0	1.0	0.49	-0.49	0.0	-0.15328292548126293	-0.15585538502240304	0.03739728694591915	0.4588453289630481	-0.4675985243407813	0.11136787365533585	5349.452827256755	11566.725026408676	0.010814912779232176	203628.59498641046	222975.63550552877
12.0	2.0	4.0	1.0	0.21	0.21	0.0	-0.06020427225027203	0.05871370604539983	-0.017499864194707282	0.1806775552979608	0.17640007232477772	-0.051492497138939886	27.074375306256115	9094.88193182915	0.012002428704238963	228030.4884385987	244159.16492929682
13.0	2.0	4.0	1.0	0.07	-0.07	0.0	-0.011176441199522436	-0.01404042273435957	0.004078425268959518	0.03437092471144659	-0.04186231401450047	0.011273957427386683	8366.80576489016	8728.538206909434	0.011634169350505078	249215.00357195328	264411.53976734495
14.0	2.0	4.0	1.0	0.49	0.49	0.0	-0.15274114584382267	0.15149325424087057	-0.025857401388568957	0.45974479338936525	0.454965301826196	-0.07766375829708705	5527.5300335051725	10362.147803927655	0.01038980773213655	269464.86982834176	287451.81163793313
15.0	2.0	4.0	1.0	0.0	0.9	0.0	-2.1717624615307917e-05	0.2845133899494564	-0.04172912794690209	0.0007125383452916954	0.8530222614712127	-0.12523316090639636	2822.5916029768996	9817.550735955592	0.010284581116776529	292501.004854872	310714.20876838965
16.0	2.0	4.0	1.0	-0.21	0.21	0.0	0.05871157830514733	0.05858373262224936	-0.013141747158030626	-0.17351282375608687	0.17649569115891062	-0.03878436255443063	5844.453350553522	7711.0981125733815	0.011616710361063067	315768.43227686186	330137.3148512357
17.0	2.0	4.0	1.0	0.0	0.7	0.0	-0.00023156115132981036	0.21820591274664802	-0.036805474937074756	0.0011802225575735517	0.6538085064006371	-0.11000443122001347	5950.687899836339	8834.698727689101	0.010834372515730136	335186.5456294472	352266.46687478933
18.0	2.0	4.0	1.0	-0.64	0.64	0.0	0.2126050659722402	0.19722121911885981	0.012410174715791311	-0.6389157532181783	0.5917931344508682	0.038191842526865805	5133.011716563487	17268.2501229865	0.009936256134959947	357321.05797306576	381152.18218158407
19.0	2.0	4.0	1.0	-0.35	-0.35	0.0	0.10559312367060679	-0.1084866518783586	0.04518899519340791	-0.3162938319082362	-0.3252333707200701	0.13561276264591382	5460.479172281339	8378.904866811354	0.020365690738138768	386205.1537695952	401669.3529653421
20.0	2.0	4.0	1.0	0.64	-0.64	0.0	-0.20157024250254793	-0.20554106329381727	0.05613484702829585	0.6026390939990175	-0.6168821440700301	0.16661923552297409	8601.663927358459	11608.47199698037	0.01856417913695043	406724.6216249914	425459.8504769965
21.0	2.0	4.0	1.0	0.21	-0.21	0.0	-0.06625473255050034	-0.05633917813829037	0.017824057373921454	0.19882893619864572	-0.16862910313200374	0.0528770702677932	9777.490010703332	10628.791180177359	0.018134732116395685	430524.1509787593	448105.1478254376
22.0	2.0	4.0	1.0	0.49	-0.49	0.0	-0.15692348041632517	-0.14654927497711068	0.03234160067141567	0.4697669937682347	-0.44091022660065105	0.09940520943013165	7026.837702898774	9701.262167756795	0.017785518588293612	453161.1556761054	470039.8047251947
23.0	2.0	4.0	1.0	0.9	0.0	0.0	-0.2871666906723706	0.0003255010991454199	0.0028463508049116903	0.8607555787249492	0.0010088725710084567	0.009179931334396318	3384.20610994217	10102.32489615737	0.017116503013959436	475093.7653048459	492341.83080875664
24.0	2.0	4.0	1.0	0.7	0.0	0.0	-0.2172332894461525	0.0024145794882751703	-0.013579736018917599	0.6508258979520058	0.006499245172662982	-0.04101387045089333	6068.694075205713	8384.796149926842	0.017945863804983572	497396.7136449792	513308.8666090189
25.0	2.0	4.0	1.0	-0.0	-0.3	0.0	-0.0024471343456772218	-0.08581413800844728	0.03369805447470864	0.006855863933447379	-0.25656844363889053	0.10164348821240698	5339.750717219431	8090.575515088858	0.01748498211331605	518365.44079596933	533643.2814392174
26.0	2.0	4.0	1.0	0.64	-0.64	0.0	-0.20616849634503542	-0.19956380071089297	0.043173278400831405	0.6177609957429437	-0.5993064183305523	0.128375408560242	6039.314970126725	9698.854600355844	0.018168825365204058	538699.3706118374	556376.1344503437
27.0	2.0	4.0	1.0	-0.64	0.64	0.0	0.2023331819647436	0.2021201576174162	0.001156853589641904	-0.6073232386299537	0.6054541331922247	0.0021888029296032174	5584.5028074254515	15084.412915675784	0.017889304708828494	561415.0646910566	584494.6701300796
28.0	2.0	4.0	1.0	0.07	-0.07	0.0	-0.01896331449535918	-0.007450927711088684	0.004648148317659251	0.056145450193915175	-0.023162014972572975	0.013395120164696683	6700.137153311516	7037.9718815675005	0.017941857083036295	589522.5828873081	602914.8431525537
29.0	2.0	4.0	1.0	0.9	0.0	0.0	-0.28543534886295524	0.00638621166933373	-0.009437491416827481	0.8558205074852814	0.018543618810128115	-0.027396932936680662	5033.480940575828	8734.237307668081	0.01736645786476974	607951.1386349623	624013.2988742116
30.0	2.0	4.0	1.0	-0.9	0.0	0.0	0.28928544089560876	0.005370243753576864	0.031031662470415555	-0.8668205059325131	0.015398607242140594	0.09080613412674221	6634.11211562925	9951.326441267156	0.015992752264165102	629052.3888414609	646616.2121693342
31.0	2.0	4.0	1.0	-0.0	-0.7	0.0	0.0022308687550861243	-0.22262597589606636	0.07623055771725096	-0.005818635878806723	-0.6670039573017474	0.22887478141451323	8767.573108620127	11651.417281173053	0.016302128126293006	651672.8173534357	670267.753074455
32.0	2.0	4.0	1.0	-0.64	0.64	0.0	0.19755037578795936	0.20758819110440263	-0.0006393896391260201	-0.5921008497131495	0.6226674654924913	-0.0015061753261672584	7083.912585105281	10018.072071674396	0.01682182161061152	675341.0580678756	693318.6471236259
33.0	2.0	4.0	1.0	-0.5	0.0	0.0	0.15430282950068794	0.004780048314680818	0.024306144808113217	-0.4622611030306182	0.014081190755464212	0.07323887388417027	5750.643191000563	7850.177249027183	0.04016587705759569	698374.5980853855	712886.8975748192
34.0	2.0	4.0	1.0	0.3	0.0	0.0	-0.08594923440863249	0.005668110124893322	-0.005487479972535403	0.25707084066016256	0.017910670034703813	-0.01687443350881701	8083.949781677802	9568.085254577454	0.01479013916600787	717942.6545308525	734054.169901603
35.0	2.0	4.0	1.0	-0.1	0.0	0.0	0.018239278584094326	0.002339517300810501	0.0064799938963751025	-0.05394097318654825	0.006112212242407322	0.01733423666738121	6767.298874940025	7301.789411154459	0.016054852580714655	739112.3935019714	752772.4276280205
36.0	2.0	4.0	1.0	0.64	0.64	0.0	-0.20583811827534423	0.20115246307831158	-0.025397531090293857	0.6161548453359967	0.6042342518006701	-0.07719968871606353	7278.242876942386	11112.576202867785	0.014830800455786226	757829.0623505891	776091.9083928165
37.0	2.0	4.0	1.0	0.35	-0.35	0.0	-0.11915080832252285	-0.10173436962034166	0.018061615930380137	0.3558339612889543	-0.3047499390310132	0.0534066376744089	4656.50592026941	6357.4603044835385	0.01612972521971054	781147.8181466082	794074.6225549083
38.0	2.0	4.0	1.0	-0.0	-0.5	0.0	-0.0009653984786323947	-0.15125767929961598	0.04329189593343297	0.002766718341608063	-0.4538377764459923	0.13005879606305926	3915.9331584669417	11716.677965436247	0.01424785255271544	799118.3460500615	817842.7846095001
39.0	2.0	4.0	1.0	0.0	0.1	0.0	-0.006324602151966612	0.019362332688636408	0.0011761532005607478	0.01855300589946011	0.05740724332089109	0.0037115678644426	8950.618612085236	9090.477053527138	0.014175939640349848	822901.7298966064	837977.0362123236
40.0	2.0	4.0	1.0	0.0	0.7	0.0	-0.003909919082021388	0.2167559332949277	-0.02461345540550719	0.011276587416052076	0.6505914926205058	-0.07301637903409997	6683.205047651427	11085.711149527924	0.013774824520081047	843035.0519494095	861762.1139623225
41.0	2.0	4.0	1.0	-0.49	-0.49	0.0	0.15439648891479357	-0.1522207903495837	0.05631956054017284	-0.46367500584796506	-0.4570184330580459	0.17083554131381218	6732.904794611386	14467.050569495768	0.014581974440953127	866835.6789671816	888513.7326520635
42.0	2.0	4.0	1.0	0.35	-0.35	0.0	-0.10798567047333177	-0.10475382725000537	0.025344032959481066	0.3244425505235795	-0.3142291124764439	0.07703919432362516	4760.550611608778	6645.628835671232	0.01440780452310097	893570.7309530553	906847.9082571575
43.0	2.0	4.0	1.0	-0.0	-0.7	0.0	0.003618539513129954	-0.21898959875525192	0.06698852826733326	-0.010790879992245301	-0.6571630119071893	0.20032470588233853	4833.488744567148	7633.135158175719	0.013383586638491828	911905.6162107008	926966.7987631692
44.0	2.0	4.0	1.0	-0.0	-0.5	0.0	0.00739943898659527	-0.15421628701086576	0.03937417257954701	-0.021842254950490643	-0.46177489064614563	0.11885495078968245	6361.00674388581	8795.317387179239	0.014279447360844294	932025.6116741803	947617.0779016829
45.0	2.0	4.0	1.0	0.3	0.0	0.0	-0.08429316195003038	0.002341705463699051	-0.004457557030581927	0.2523292081993623	0.005762714721778139	-0.01236557564656382	1550.3052855201531	5284.396724222461	0.013152336747816165	952675.5874052324	964373.7265182863
46.0	2.0	4.0	1.0	0.0	0.3	0.0	-0.001916308470413756	0.08658873472503137	-0.014269889372059308	0.005975510326247313	0.2590217108829316	-0.04235189745927703	8450.545130574028	9501.7761370691	0.015018671423156476	969441.9293797109	985491.6914856585
47.0	2.0	4.0	1.0	-0.0	-0.7	0.0	-0.0097927065451451	-0.22106664440642376	0.07440665903718247	0.029054426899712493	-0.6641062728792952	0.22331153124292757	6883.6246397549985	12651.644836761989	0.01456767297327864	990543.6587657896	1011337.1859760082
48.0	2.0	4.0	1.0	0.0	0.9	0.0	0.0025633055105766345	0.2836937697312806	-0.04343403067060558	-0.007269115975290176	0.8513078941088478	-0.13071408560302755	23.427286330843344	12324.146019222098	0.014469518420668816	1016378.0110546795	1036155.3840055276
49.0	2.0	4.0	1.0	0.5	0.0	0.0	-0.1545311796200794	0.0010584407185828537	-0.006855640497417936	0.4624606142852081	0.004567200919357028	-0.01997181963828265	6484.196737859747	7685.591828718316	0.013242331785340577	1041214.1134065605	1055306.6413778435
50.0	2.0	4.0	1.0	0.21	-0.21	0.0	-0.06212763722232478	-0.05641783547307988	0.014101503013701944	0.18580026474267297	-0.16970667624925173	0.042579171435246366	5367.434460160439	6451.679991194396	0.01502588654443651	1060381.3197276467	1073557.4991785688
51.0	2.0	4.0	1.0	0.7	0.0	0.0	-0.21758271791231695	-0.0014218052360098765	-0.009134593728490792	0.6537192319441193	-0.004330154255174357	-0.026488239871670594	6884.623842212022	8951.687102307915	0.013903744707597662	1078616.8335711556	1094325.2334723948
52.0	2.0	4.0	1.0	-0.21	0.21	0.0	0.059195723372016444	0.05764884326292441	0.0024051026169825684	-0.17761953938962152	0.17407945436380345	0.0077188555735386855	5233.775814704131	6978.568565900787	0.014225945451743275	1099364.8580494192	1113843.6266381468
53.0	2.0	4.0	1.0	-0.35	0.35	0.0	0.10770115750634073	0.10428690695257448	-0.006339647516547697	-0.32177633230255875	0.31360521414988596	-0.01920205081240345	7550.454801224987	9928.765981312608	0.014787800409852114	1118918.1627656943	1135844.3647351523
54.0	2.0	4.0	1.0	0.35	-0.35	0.0	-0.1082765364497492	-0.10443058336821454	0.03231755245294865	0.3242145931513742	-0.31306516518963756	0.09530468299400274	4485.101854836103	6218.16054120427	0.01498346106669076	1140902.0219992236	1157112.4967042706
55.0	2.0	4.0	1.0	-0.0	-0.9	0.0	-0.003128196809347564	-0.2860729717614964	0.09311192492565756	0.008866682050886207	-0.8584778694730674	0.278969558251452	4800.443222862668	10067.92534570559	0.013911661678416459	1162170.1791307423	1180879.8535621318
56.0	2.0	4.0	1.0	0.35	0.35	0.0	-0.10388697810374	0.10675894405938868	-0.021199218738028547	0.31120776448120807	0.3200178779895878	-0.063780764476846	16.886886282009073	7884.640981821576	0.013693852962827486	1185922.2992450814	1200998.3239654975
57.0	2.0	4.0	1.0	-0.64	-0.64	0.0	0.20186047404120339	-0.20532931213791988	0.09186168612198486	-0.6051929908407426	-0.6166353218852054	0.27581394369440504	5101.133875985397	8151.245338114677	0.014228523021059317	1206056.5960672975	1222116.9566480967
58.0	2.0	4.0	1.0	0.64	0.64	0.0	-0.20434989128997222	0.20186970575802443	-0.03848097047370769	0.6129849353227723	0.604896993255483	-0.11411537651611048	17.718704082653858	9601.893306331476	0.014412556134655313	1227191.5569580016	1244034.0297725778
59.0	2.0	4.0	1.0	0.9	0.0	0.0	-0.2862387930761476	-0.003782077715029697	-0.006660831616629004	0.8587163792284427	-0.01166992588081206	-0.02057759670385817	8650.712004688103	10634.71017840493	0.01590333224810461	1249076.5830338933	1266551.8697302467
60.0	2.0	4.0	1.0	-0.3	0.0	0.0	0.08616274213711515	-0.0018872322309453349	0.008878730449437988	-0.2580350565813335	-0.004755357032811824	0.026727745479694143	16.33039614534937	8950.467273025424	0.015350922159382033	1271609.1940483893	1287159.0427640332
61.0	2.0	4.0	1.0	-0.7	0.0	0.0	0.22436219467603696	0.0034884884037160724	0.02990812237740581	-0.6719536594530808	0.011922082521900745	0.09137234149706064	5917.880873923423	8573.624993485282	0.0286460330507312	1292211.7131326087	1307904.3580908184
62.0	2.0	4.0	1.0	0.07	-0.07	0.0	-0.014723664729118086	-0.011688600793698156	0.004322648966269549	0.04378256290448673	-0.03532475656967271	0.01283061570173838	4683.391759943333	7857.411256060004	0.014697431061831495	1312963.3216115325	1327005.2490949603
63.0	2.0	4.0	1.0	0.0	0.5	0.0	0.000299320830674449	0.15017171606668156	0.0013375692378720938	-0.002030887067053239	0.45022382473789424	0.0053860196843189545	166.72385946731083	15835.051001267857	0.014797746922919915	1332083.7218614179	1354656.7951055039
64.0	2.0	4.0	1.0	-0.07	-0.07	0.0	0.016212370779738836	-0.010357597843920985	0.008822980087022647	-0.04753655703775882	-0.03172017900320856	0.028345799954361595	10761.173472128576	11145.523992352537	0.01399182807725216	1359716.0959482281	1377214.133463538
65.0	2.0	4.0	1.0	0.0	0.9	0.0	-0.006944629113389023	0.28672332657429456	-0.04277709925990514	0.02099573370802839	0.8602670875436009	-0.12929261615920729	5933.760534928297	10718.133008427685	0.014383760062943637	1382269.5516388922	1400209.4317418814
66.0	2.0	4.0	1.0	-0.7	0.0	0.0	0.2205591675671576	-0.007285999788390285	0.04108734569316708	-0.6606416859471598	-0.02121061389372525	0.12188872510879856	6527.559207301238	11678.858516941546	0.0303180092606498	1405253.0866786256	1423627.4181884655
67.0	2.0	4.0	1.0	0.0	0.3	0.0	6.560172777199738e-07	0.08478351760151703	-0.011747072556611893	0.0004188325046067332	0.25360605951238857	-0.033913682764823094	7534.171447827248	10984.886515769176	0.015105839993606877	1428687.7047407762	1446628.3408097224
68.0	2.0	4.0	1.0	-0.64	0.64	0.0	0.1998157501886735	0.2045985132064203	0.01513897001607356	-0.5986056494531412	0.6139897552606948	0.04692755321599362	6900.741998993908	11185.27438135061	0.014589181738438685	1451688.4005357716	1469696.5648221523
69.0	2.0	4.0	1.0	-0.21	0.21	0.0	0.05996376854763011	0.058051288283297864	-0.003865482566504652	-0.17953524363359516	0.17347411010487612	-0.011504893568133778	7717.127606534632	9301.544351270422	0.015324932556792193	1474773.2419415552	1490547.8754731156
70.0	2.0	4.0	1.0	-0.07	0.07	0.0	0.010540902882204231	0.013920522629137122	0.0011378408484415958	-0.03149323155232357	0.040855228227387186	0.0033677454796346984	4272.650260551018	4400.529212638503	0.015555831005378327	1495623.947236265	1505998.9227576298
71.0	2.0	4.0	1.0	-0.07	0.07	0.0	0.014410489849354571	0.010320109909209507	0.0009109086747850492	-0.04164537514302173	0.030604267718333023	0.001954515907623633	7172.964863450034	7334.635092352983	0.014601690286735415	1511059.2702102293	1524366.6212406242
72.0	2.0	4.0	1.0	0.21	-0.21	0.0	-0.06218679099080237	-0.05709379222333344	0.017572759594128518	0.18652800369883474	-0.1711842688492834	0.0537711512932576	7877.459487615852	9594.913840657682	0.015514233904033167	1529427.1524881334	1546101.0521893622
73.0	2.0	4.0	1.0	-0.07	-0.07	0.0	0.013709043375140059	-0.01132135627936215	0.007178204013131961	-0.040771068116125006	-0.03567964033741755	0.022541707484577844	6050.413775577908	6384.802714048419	0.01579068321167888	1551161.9594141375	1563974.5644625947
74.0	2.0	4.0	1.0	0.49	-0.49	0.0	-0.16073869563568047	-0.14448576399821267	0.032669144731826916	0.4814392243413065	-0.43481680148467394	0.09741233234150959	5050.256237082067	8900.370033123181	0.017853653473740037	1569046.6259230305	1584809.2044780205
75.0	2.0	4.0	1.0	-0.35	-0.35	0.0	0.10782099287300846	-0.10799482018800388	0.06126799420156681	-0.3239485177226097	-0.3232399672718491	0.18293421835658874	4282.9136014479445	8145.390886900714	0.0156823258640653	1589866.2614912754	1605721.208655712
76.0	2.0	4.0	1.0	-0.21	-0.21	0.0	0.06112891565552545	-0.06040592419282942	0.036131990539416736	-0.18196249892939587	-0.18037617146560914	0.10821286335548985	2516.5242195362225	8750.480911767227	0.01527313441094075	1610781.9105699165	1626422.1017749659
77.0	2.0	4.0	1.0	0.07	-0.07	0.0	-0.0125553808855082	-0.012009609037669677	0.006404711985982026	0.037277711373657235	-0.0353167030944187	0.01761193865879296	4733.262902926072	5316.610792768188	0.01397606647778884	1631483.6311309044	1643195.8021097672
78.0	2.0	4.0	1.0	0.1	0.0	0.0	-0.02145477748221803	0.00044110256481677546	0.003557512779460925	0.06465565590880454	0.0003198602137095552	0.012595175097366518	5751.6493222356075	6085.696927315439	0.01449960489018061	1648253.4068610112	1660640.9508177168
79.0	2.0	4.0	1.0	-0.49	-0.49	0.0	0.15026233276907594	-0.15576706869639823	0.08117933318079118	-0.45182281506154076	-0.4667832977120382	0.24321756008254292	5450.9116263798205	8735.150447435444	0.013494001974667132	1665704.7473421698	1682925.6287043826
80.0	2.0	4.0	1.0	-0.07	-0.07	0.0	0.018206792781137165	-0.008774464148436967	0.008559224841723667	-0.05455563979626693	-0.026841300822467717	0.02366348363480708	4933.406437994563	6183.199030550895	0.014840627332032381	1688002.920296829	1700576.474179179
81.0	2.0	4.0	1.0	0.21	0.21	0.0	-0.060368975746014415	0.06092790246663249	-0.00833723659111174	0.17981215629515188	0.18181262919272922	-0.02414194552522353	6483.30839582195	8251.062381954398	0.014137388728319777	1705621.46162898	1720966.9767233136
82.0	2.0	4.0	1.0	0.49	0.49	0.0	-0.14879832231623946	0.16001003739213981	-0.017946355382612134	0.4461036434865678	0.48058038982714846	-0.05333551842524542	5717.268005435471	9234.183883163496	0.013262901760847441	1726024.6044489178	1742609.8366012156
83.0	2.0	4.0	1.0	0.1	0.0	0.0	-0.019651942737239275	-0.0011215435384520633	0.0008143495841872461	0.05872924329671178	-0.002684875870338055	0.003083927672222986	10767.254020247492	11217.690113771823	0.013943223435535342	1747634.499033069	1765145.1418156358
84.0	2.0	4.0	1.0	-0.1	0.0	0.0	0.017075292454144343	-0.0006438982217176203	0.006060907911791369	-0.051161138815288304	-0.0012843091937069229	0.016763634698981345	8316.965619043913	8667.136850985116	0.1525493025642839	1770186.0179484356	1785212.4173150805
85.0	2.0	4.0	1.0	-0.49	-0.49	0.0	0.15866979409374365	-0.15941058434102262	0.06069382162203907	-0.4759446437340863	-0.47758436755162226	0.1820814648661172	5900.359092949657	9520.174225908704	0.014122214999087349	1790254.4965022388	1807216.3678115176
86.0	2.0	4.0	1.0	-0.0	-0.9	0.0	-0.004765007392222623	-0.28794085579865436	0.09621297932405015	0.01445686854452927	-0.8635312439338126	0.29037846646837384	377.1486043697223	11728.86677677161	0.013065435288747505	1812277.6470021782	1831667.5762812665
87.0	2.0	4.0	1.0	-0.5	0.0	0.0	0.1518481077972853	-0.001123856862539907	0.01638789654384698	-0.45531773847685003	-0.004439756615504886	0.048431256580499515	16.01458981167525	10367.104066928732	0.2608958910545876	1836745.2759421575	1853602.1197679075
88.0	2.0	4.0	1.0	-0.9	0.0	0.0	0.28603997668196346	0.00372461578056571	0.022333318074317154	-0.8579904529516013	0.011238585888841857	0.06580975051500915	6950.366258766735	17151.6789336456	0.2804349162890769	1858666.6190161342	1883076.2369597652
89.0	2.0	4.0	1.0	-0.0	-0.5	0.0	-0.0050894683587048815	-0.15078093600665166	0.050939626153953865	0.014135480501084752	-0.4522457001992377	0.15423796749825436	32.29028508940246	10467.10782306036	0.017288766419861053	1888133.9864859618	1905654.9812248268
90.0	2.0	4.0	1.0	-0.1	0.0	0.0	0.017342494333628868	-0.0008247475111183844	0.005836148622861526	-0.05303093048162754	-0.002636088901216471	0.019247974364807963	17.00540480669588	5584.873679297743	0.01720685465965712	1910717.4966550374	1922655.4002334597
91.0	2.0	4.0	1.0	-0.0	-0.1	0.0	0.006097654701096547	-0.019859291671948442	0.010250302891562146	-0.01858428756544008	-0.05805651915794807	0.031117125200207152	17.19394045358058	5240.614881477086	0.016390579562736703	1927701.623558125	1939356.7160080564
92.0	2.0	4.0	1.0	0.21	-0.21	0.0	-0.062179557537134764	-0.056785256939455686	0.013759316395780652	0.1858265485928141	-0.16957890825263233	0.04063707026768071	16.95289197959937	10834.75124053075	0.016750972717715	1944419.6942075796	1962156.9546496903
93.0	2.0	4.0	1.0	0.07	-0.07	0.0	-0.01467119197870587	-0.01108479731219969	0.0046322117952017905	0.04381936029468393	-0.03267174501229786	0.014308628976816173	38.96488460304681	4733.904726410401	0.016054407000721176	1967207.3895762733	1978325.35819037
94.0	2.0	4.0	1.0	0.49	-0.49	0.0	-0.15600848737049974	-0.1538422578967995	0.0360165957122095	0.46686016826289706	-0.4615267736903985	0.10850755779352939	33.71688364131842	8251.633823660086	0.015644154006423987	1983374.555054048	1999143.526316766
95.0	2.0	4.0	1.0	0.21	0.21	0.0	-0.059090221119686474	0.059599005677585914	-0.013630603494318105	0.17691460134976442	0.18064206562637763	-0.04226512245365699	49.593262607231736	12923.941729721264	0.016097337782896366	2004207.1022143937	2023800.9151089936
96.0	2.0	4.0	1.0	-0.49	0.49	0.0	0.1588813769294247	0.14904880007103338	-0.0021745937285236883	-0.4767088693354188	0.44766430859025697	-0.007347768367992669	5361.311245360412	7911.632211806136	0.01538883141022957	2028857.8419341794	2043796.2316209595
97.0	2.0	4.0	1.0	0.07	0.07	0.0	-0.010282462286100068	0.014566255109678239	-0.0003601312275658408	0.030394217028288283	0.04311611840473384	-0.0024079285877101064	7450.814258845639	7790.765545898466	0.01526487564556841	2048859.1857520952	2062647.4175539333
98.0	2.0	4.0	1.0	-0.9	0.0	0.0	0.2858696236690073	-0.0034249583094677627	0.015888371099456178	-0.8573499168184435	-0.008980103985512078	0.04734467383853791	7467.236552431132	12379.16888964537	0.01603354898550786	2067709.2656335882	2087532.0217038388
99.0	2.0	4.0	1.0	-0.0	-0.5	0.0	0.000520765505037119	-0.14996968432467028	0.043307624933274114	-0.0010767574115270698	-0.4501356378890169	0.13038064545672323	16.637085645925254	9007.034895868856	0.014006152429402324	2092593.6896353087	2108705.7644135784
100.0	2.0	4.0	1.0	0.49	0.49	0.0	-0.15442355825930637	0.1494406927082237	-0.03251318532076897	0.46304408986291323	0.44880761722825535	-0.0971275623710961	22.38468783616554	10800.981114705792	0.014021655817564153	2113766.8977352735	2131650.7251328877
101.0	2.0	4.0	1.0	0.0	0.1	0.0	-0.00038006274667326165	0.017748016592935456	-0.0018528480963694305	0.0009783418721583004	0.05314694195808911	-0.005878983748938915	5733.4682135115145	5907.0938634104095	0.014105782943269193	2136697.46483372	2148585.1945910254
102.0	2.0	4.0	1.0	-0.0	-0.1	0.0	0.0014314124363977799	-0.01824133726989907	0.008668656443178602	-0.0038734367527537795	-0.05540376655471502	0.025136205081424112	7556.180887739174	8068.1237275275635	0.015104318395301726	2153648.5414743656	2168053.3344370634
103.0	2.0	4.0	1.0	0.49	0.49	0.0	-0.15382364772243343	0.15009600217784325	-0.03603188525209755	0.46130909679943877	0.4492198205056446	-0.10905697413578452	5049.690630141413	9067.076752966386	0.014848470380334534	2173133.392069896	2190071.0549645154
104.0	2.0	4.0	1.0	0.5	0.0	0.0	-0.15355625162730752	0.006822130834476248	-0.014440985732770084	0.4607982319762115	0.02040165395628435	-0.04492515449746337	6450.605301535688	8684.510210281587	0.0140217885896081	2195135.500970573	2210555.447531471
105.0	2.0	4.0	1.0	-0.1	0.0	0.0	0.018882913535708763	0.0035341549748727497	0.007324019226420675	-0.055612923852813155	0.010796680566052097	0.020552968642869263	6983.8286010490265	7517.693359361147	0.014511391000299169	2215605.658184504	2229445.9010271677
106.0	2.0	4.0	1.0	-0.35	0.35	0.0	0.1084154869514371	0.10285924503600807	-0.004844806591860151	-0.32615280051433515	0.3089014278437472	-0.014168203250059741	5083.6201178171905	8117.658642542665	0.014851219965528044	2234504.6435564	2249891.406384748
107.0	2.0	4.0	1.0	0.0	0.7	0.0	-0.002008112046168019	0.21740635284627574	-0.027353157854537402	0.0057006434027812546	0.6513774574259478	-0.08320390020586443	7700.488332862733	18412.57397836307	0.013731850231496225	2254955.331638572	2281675.986721544
108.0	2.0	4.0	1.0	-0.64	0.64	0.0	0.20631580675111133	0.2008329006618853	-0.004225918974535836	-0.6178144956783039	0.6032431952778184	-0.01414262302569036	6283.644405004452	17807.905879511964	0.015236307707037938	2286724.1544796126	2311910.1994138183
109.0	2.0	4.0	1.0	-0.49	-0.49	0.0	0.16208854181857912	-0.15094419799074021	0.042540517280894696	-0.48678353383289397	-0.45283259397222064	0.1283997619594156	5400.035446160473	8934.52124162286	0.015260762406813866	2316974.089659081	2333302.057810055
110.0	2.0	4.0	1.0	-0.0	-0.1	0.0	0.0009832361063221132	-0.01773297998640433	0.00856307011527535	-0.0034028781489784297	-0.05319893995921299	0.02376657358684231	23.00426630245056	5551.5772629587445	0.015147641997011333	2338359.617706592	2350296.9863105537
111.0	2.0	4.0	1.0	0.7	0.0	0.0	-0.21931592419189033	0.0023208337560859382	-0.010290489051579477	0.6585951580471165	0.0059914230610892405	-0.028719945067304242	26.963514887029305	8381.980149424635	0.014642514844319266	2355362.1437925175	2370831.2274108175
112.0	2.0	4.0	1.0	-0.07	-0.07	0.0	0.011658713164427435	-0.012601159670162398	0.008784222171451916	-0.035688263511872806	-0.0377387404633428	0.02690199130263682	8100.579573903815	10900.898078805767	0.013621822481546055	2375912.46147691	2393348.9783884143
113.0	2.0	4.0	1.0	0.64	-0.64	0.0	-0.20552296671194145	-0.19923744937885401	0.04470817730990928	0.6151446520986439	-0.5982949950608629	0.1343534172581783	5630.772080825409	11304.1280554462	0.015231430604313045	2398397.4838331486	2418300.9754622765
114.0	2.0	4.0	1.0	-0.07	0.07	0.0	0.019641273824669504	0.007419853208443961	0.007734749370657545	-0.057985112540412304	0.02287457582320529	0.023799349965943795	5977.79144893866	6534.348313958617	0.015088195596100747	2423367.877537152	2436285.0509465495
115.0	2.0	4.0	1.0	-0.0	-0.5	0.0	-0.003195373841768082	-0.15108285069512062	0.053359780270184176	0.009780337166738094	-0.45376646046251834	0.16035400320469306	9040.061819265247	11757.075648012687	0.014528550383315863	2441349.9345595194	2460186.51025623
116.0	2.0	4.0	1.0	-0.5	0.0	0.0	0.14944700255862775	-0.0016523435183061208	0.02013607995738631	-0.44866470041160605	-0.004503860724906605	0.05930959029559679	127.36841068544891	10045.052361485432	0.015285185888223857	2465238.3152571274	2482060.465971139
117.0	2.0	4.0	1.0	0.21	-0.21	0.0	-0.06057228499537037	-0.056415819946325496	0.016306669718586186	0.18110183878823768	-0.16902087492397044	0.04933200274696936	17.301883490290493	7268.384322436759	0.014175478383556522	2487138.9799455646	2501221.75219997
118.0	2.0	4.0	1.0	-0.64	-0.64	0.0	0.2059899388002044	-0.20064256070150244	0.08343949950421359	-0.6171605845613061	-0.6013774044537785	0.25123403982644255	16.347535740351304	9351.317032720544	0.014234641407094021	2506286.902388485	2523090.186044923
119.0	2.0	4.0	1.0	0.0	0.3	0.0	-0.0006380458570443785	0.08534555177239211	-0.013970708781421814	0.0018170297504162113	0.25509794638357997	-0.04195790340995553	26.668494887417182	10945.231670921203	0.014773809298367453	2528149.5725856656	2546141.8776327046
120.0	2.0	4.0	3.0	-0.9	0.0	0.0	0.24671499507292233	-0.05264839040656899	0.05304875257511377	-0.7396270768416103	-0.15859255669115258	0.1595582513165521	22.52836879051756	0.0	0.8794952727783975	2551208.9711606093	2581227.1774317343
121.0	2.0	4.0	1.0	-0.64	-0.64	0.0	0.2256094388935179	-0.20613724920630005	0.10260001525917084	-0.6775404406991439	-0.6166638068459969	0.30766271458044225	16.898555782972835	11152.05053484533	0.013267721446438754	2586308.7681474574	2607411.5919155013
122.0	2.0	4.0	1.0	-0.07	0.07	0.0	0.012171377719265403	0.011992664801904418	0.0026574868392320594	-0.03674071807280209	0.03724039607503227	0.008796447700117782	16.574726658291183	6000.881048588781	0.012770992913645076	2612453.8508861586	2624429.4491951005
123.0	2.0	4.0	1.0	0.0	0.9	0.0	0.0029419828523408256	0.286217476830508	-0.024248441290778744	-0.007757762529137145	0.8582963684822289	-0.07169245136146418	17.307353584328666	9301.471781465807	0.011668090295985653	2629526.4542498337	2646280.7281195563
124.0	2.0	4.0	1.0	0.3	0.0	0.0	-0.08429235056023951	-0.0025278417344671844	-0.0028057251848864206	0.25203545056783927	-0.00790721793912419	-0.008920723277250242	16.587854886893183	6033.508291016915	0.012749990403846447	2651343.4762107646	2664831.080812495
125.0	2.0	4.0	1.0	-0.21	-0.21	0.0	0.06286221256906466	-0.0548920946575997	0.024342510109244375	-0.1878421444150316	-0.16697450239643108	0.07343952391894393	17.041142709786072	7851.809887506533	0.012405641359695777	2669897.3760724477	2684965.770022245
126.0	2.0	4.0	1.0	0.35	0.35	0.0	-0.10695013425272301	0.10505317397608416	-0.01637333333321067	0.3218538502389098	0.31486819846610203	-0.04861645227704103	17.141792297479697	10618.039542881888	0.012126929183013573	2690027.6359708514	2707600.6800411413
127.0	2.0	4.0	1.0	0.5	0.0	0.0	-0.15296372128480892	0.004632388320430447	-0.005555870908574789	0.4584703632979872	0.014123749876297387	-0.015843625543302764	22.513052535941824	7034.752918014419	0.012627006591651347	2712665.8378877765	2726174.1781286253
128.0	2.0	4.0	1.0	0.07	0.07	0.0	-0.011505779136556475	0.013633528017832242	-0.0018122896161171242	0.03416127540037426	0.04067399913849068	-0.005665754176801818	38.897784863365814	6784.302821062738	0.012105100562967278	2731234.468327646	2743986.0520088403
129.0	2.0	4.0	1.0	0.0	0.7	0.0	-0.001652606788378361	0.21608213449623126	-0.020476453803179195	0.002756709762219692	0.6486348347715608	-0.061566692606607853	38.62902129185386	9339.99978848442	0.012752773919347446	2749052.0981975277	2765987.4680318898
130.0	2.0	4.0	1.0	-0.35	0.35	0.0	0.11320220333646873	0.10151081015342689	-0.006627383840578593	-0.34038347257514107	0.3033671366116786	-0.020294145112946582	44.010492361849174	7079.139022971503	0.01182436744239488	2771069.444571054	2785121.744797114
131.0	2.0	4.0	1.0	-0.9	0.0	0.0	0.285130542519386	0.0003179827958477155	0.03025066300462098	-0.8553916275581581	0.00011234727466369332	0.09024844129127196	15.982133976649493	9132.835944445105	0.07063643643884616	2790172.9039631463	2806639.6832163446
132.0	2.0	4.0	1.0	-0.64	-0.64	0.0	0.20403770043612537	-0.2008731853018455	0.08449356832238142	-0.611757039299081	-0.601875062613374	0.2544420233466361	26.98101916757878	7595.150513065164	0.012454770760987107	2811705.2039120463	2826524.2979417527
133.0	2.0	4.0	1.0	-0.5	0.0	0.0	0.1557216438158115	0.006603754767238956	0.02263481193267769	-0.4678770554660248	0.020134957037439505	0.067355111009752	27.553190200706013	13195.349186615204	0.18651228895900726	2831590.1712756893	2851942.2475564205
134.0	2.0	4.0	1.0	-0.7	0.0	0.0	0.22096256208622167	0.005777958491669621	0.031064298466572104	-0.6632437482679601	0.018531538597183483	0.09291823300557578	16.359934612410143	15217.938820365816	0.08457548546161686	2857008.668993032	2878877.051783842
135.0	2.0	4.0	1.0	0.3	0.0	0.0	-0.08602238033509951	-0.0025091366102436563	-0.001869083695636542	0.25741975553385293	-0.007009501453574485	-0.0035930601965457054	16.795353483757935	8351.516143869958	0.08069971086540305	2883962.0985002113	2898817.4158071633
136.0	2.0	4.0	1.0	-0.49	0.49	0.0	0.16471560616628694	0.1486569419610677	-0.009741878385478131	-0.4942439263195776	0.4469095348167992	-0.027623437857281274	16.419740873971023	10267.900037448271	0.07957699429264019	2903878.3522057347	2921395.9339753203
137.0	2.0	4.0	1.0	0.7	0.0	0.0	-0.22341130194786823	0.0037760440824156083	-0.010068946364432452	0.6678709488728279	0.01025994621936166	-0.0304357244217478	16.70637341157999	11184.747794366558	0.07791998713122657	2926461.7854289245	2944397.2529955064
138.0	2.0	4.0	1.0	-0.35	0.35	0.0	0.10438115332951323	0.10790302524403117	0.0008167360953139635	-0.31417927674285295	0.32383855282638296	0.0018093293662806431	99.99208661611192	8201.561016816413	0.07899232967540529	2949468.4509116197	2964299.339906429
139.0	2.0	4.0	1.0	0.35	0.35	0.0	-0.10447711311999423	0.10864595617925554	-0.025493833829137835	0.3114891829456457	0.3256789143491884	-0.07423842526859914	27.170284156454727	12862.273433580413	0.0775658516376197	2969347.3989921184	2988783.594627195
140.0	2.0	4.0	1.0	-0.35	-0.35	0.0	0.10647065467715132	-0.10414099058323634	0.03730999313353478	-0.31941196403145394	-0.3141709125226123	0.1104193362328314	16.815775146824308	9417.76436107466	0.07499301048881984	2993849.328656288	3010707.1899181176
141.0	2.0	4.0	1.0	0.35	0.35	0.0	-0.10667013572041963	0.10925458484047534	-0.010899055466430885	0.3198161915198252	0.32659846067282394	-0.030225204852027843	26.37238087481819	8267.875239733257	0.07474527159122692	3015784.893225733	3031452.708367433
142.0	2.0	4.0	1.0	0.9	0.0	0.0	-0.2868287554562762	0.004450857118329821	-0.007056430914684775	0.8593533417937986	0.014420757382874627	-0.020574190890083166	17.091467496356927	9658.056872125599	0.07420936600514635	3036518.7385105384	3053270.3116162303
143.0	2.0	4.0	1.0	0.64	-0.64	0.0	-0.2040895905396135	-0.20112737904926037	0.07373943083857704	0.6120745559774069	-0.6033821371477811	0.22011964293916897	4527.597133230302	8861.99847055832	0.07399022085727179	3058337.1024660156	3074988.3016730747
144.0	2.0	4.0	1.0	0.49	0.49	0.0	-0.15436615243160184	0.15093551007768613	-0.03832557259468683	0.4626129181912211	0.452903638053775	-0.11332874341921728	43.70672021468636	10696.151283627842	0.07437402162629651	3080055.5388819193	3098378.864023485
145.0	2.0	4.0	1.0	-0.21	-0.21	0.0	0.06430827749663282	-0.05528321474812836	0.023810019073868927	-0.1934427408670551	-0.16468435039578266	0.07252870679816892	5110.670060064876	7345.163914782461	0.07348102324844474	3103457.1635705363	3117490.6922832015
146.0	2.0	4.0	1.0	0.07	0.07	0.0	-0.010685727328070016	0.013709966978392774	0.0007603143359332654	0.03186296634277637	0.04119463948232305	0.00360847791281238	17.08818545739632	7884.483443325735	0.0743021427998763	3122557.3606030373	3136408.5742511232
147.0	2.0	4.0	1.0	0.0	0.5	0.0	0.006258465252203543	0.15300488636896692	-0.019805050736169005	-0.01903434994518887	0.45901465910690076	-0.059918699931097996	6151.28435807128	8851.14837171568	0.0753146284817086	3141479.07600757	3158176.616693163
148.0	2.0	4.0	1.0	-0.35	-0.35	0.0	0.11360085467797858	-0.09980431068253848	0.04368146486617697	-0.3399609629210562	-0.30057822589621785	0.1314563881897417	243.58149169711396	7395.402647583978	0.07393474749789578	3163243.793001704	3177317.296741603
149.0	2.0	4.0	1.0	0.0	0.5	0.0	0.0008944191355428955	0.1522399529595183	-0.03613308918892788	-0.002132979755899839	0.4561048426806815	-0.10922325474920525	22.544414357980713	11834.604642208433	0.07338302802139009	3182394.9632173027	3201345.499778094
150.0	2.0	4.0	1.0	-0.07	-0.07	0.0	0.01802189949049222	-0.010629119942467846	0.007586102082909552	-0.05370963646218149	-0.03107812798809595	0.023399185168389902	5504.277060608729	5737.653194330051	0.08638323334698406	3206401.110135805	3218465.240700214
151.0	2.0	4.0	1.0	-0.0	-0.9	0.0	-0.0033321102851435916	-0.28419548052396826	0.10436734569320727	0.009996330855430774	-0.8525217030247604	0.31163717097753896	20.35200370301027	14926.233331279946	0.08587816457978956	3223531.896621193	3245931.3737538615
152.0	2.0	4.0	1.0	-0.21	0.21	0.0	0.0627863476236175	0.058376211051398674	0.0009016006714773761	-0.1878087652201238	0.17529047952205734	0.0023843625546015046	22.38651120569557	6717.645441400236	0.08450838840442634	3251002.1147354273	3264249.2846038514
153.0	2.0	4.0	1.0	-0.21	-0.21	0.0	0.06105134161243363	-0.057472102713345796	0.022944698252920337	-0.18334824047873455	-0.17209261540431475	0.06892564889014119	17.107877763919532	11768.607319623698	0.08407685358373458	3269317.657402644	3287717.1035381616
154.0	2.0	4.0	1.0	0.0	0.3	0.0	-0.0017019030340773961	0.08065878738824639	-0.014826758220737757	0.0055265096586719145	0.24304454819262467	-0.04361051041410158	17.09073815436568	9401.479184321943	0.08111664547754713	3292767.8064989597	3309251.795008866
155.0	2.0	4.0	1.0	-0.0	-0.7	0.0	0.0009849581516762022	-0.2174810352342899	0.07265120012211668	-0.0028901359078840456	-0.6539320922871947	0.2180451544977302	60.76208515150938	11345.514729662682	0.08104189344801677	3314336.830785061	3332836.3466824084
156.0	2.0	4.0	1.0	0.49	-0.49	0.0	-0.1537415204015259	-0.1531079285565463	0.0434456092164941	0.4605448064595597	-0.45838507673604256	0.13308345159088764	16.441256550024264	13868.079018677236	0.08098610452626304	3337906.501635371	3358810.3320451775
157.0	2.0	4.0	1.0	-0.0	-0.9	0.0	-0.0007953734743152221	-0.2838456290992942	0.10194189974827716	0.002580336064379348	-0.8516016258450272	0.30600880750759185	17.020721061271615	7357.761888604728	0.0818883513135163	3363872.6935836165	3378328.166532767
158.0	2.0	4.0	1.0	0.5	0.0	0.0	-0.1528923017195991	0.0038211711656721548	-0.006604226749014064	0.4589358593473756	0.011592990591305585	-0.02081977569222415	27.346056274836883	7995.577982102986	0.0709075715022556	3383388.5136206956	3398189.9615161093
159.0	2.0	4.0	1.0	-0.5	0.0	0.0	0.15150299955016697	0.0007543982898542412	0.01932414129859672	-0.4535379204433322	0.0014863323038279974	0.058704856946831585	21.64294412068557	11067.200376928668	0.08217079807146777	3403262.466782893	3421408.239846511
160.0	2.0	4.0	1.0	0.0	0.1	0.0	0.00034227701465634937	0.016011465488414145	0.00011856870378168516	-0.0007355075818184425	0.04780781155023672	0.0005388143741054119	16.49449873366393	5450.702669069869	0.07119993721729469	3426475.528109484	3437892.4901912105
161.0	2.0	4.0	1.0	0.64	0.64	0.0	-0.20475376055838224	0.20050178457274503	-0.03714573891810691	0.6143260202222914	0.6007932296996454	-0.11198654154260179	16.347900425898843	13868.024317824165	0.0703940191424227	3442960.856061225	3463866.2673260407
162.0	2.0	4.0	1.0	0.0	0.5	0.0	0.004984846550615934	0.15186139214714156	-0.023329652857222327	-0.016346418415455935	0.45665236246930985	-0.06751699702440217	99.9946393276332	6840.406215924304	0.06983093227912915	3468929.746220805	3482750.920342034
163.0	2.0	4.0	1.0	-0.64	-0.64	0.0	0.1994599816607921	-0.20392615591940988	0.09578440222783868	-0.5983799449823763	-0.6123611146825308	0.2876278690776566	26.94126986898482	7594.839447483537	0.07063153603606083	3487830.2223735955	3503246.073298418
164.0	2.0	4.0	1.0	-0.0	-0.1	0.0	0.0043585313183141915	-0.01898750944839278	0.008943501945527843	-0.014046672162110982	-0.056962528345178676	0.0273798306248646	16.840208205394447	7682.900546176825	0.0698169667567542	3508314.8592710784	3522346.218182778
165.0	2.0	4.0	1.0	-0.3	0.0	0.0	0.08566811805741484	0.0019748493806283074	0.011477579919131342	-0.25651881506866026	0.006410087245469209	0.03415807736325349	16.60572383843828	7684.091566334246	0.09833552163288257	3527415.947927686	3541712.447765225
166.0	2.0	4.0	1.0	0.1	0.0	0.0	-0.017235848366966275	-0.0015378641874372878	0.004170400549329489	0.051092528903025416	-0.0048401774773179085	0.01191609979401731	16.689233816578053	6234.185341847478	0.0697498336123205	3546757.385619567	3559330.1539975074
167.0	2.0	4.0	1.0	0.3	0.0	0.0	-0.08421342995536725	-0.0006641915983031099	-0.0015295765621573532	0.2521223814889453	-0.0017983591534754817	-0.004634506752162149	16.890533006517217	7717.967082484392	0.07073471024859475	3564360.06917106	3578514.688458512
168.0	2.0	4.0	1.0	-0.0	-0.1	0.0	0.001797569343144207	-0.017845901276243303	0.009317671473257572	-0.005133753840854379	-0.054120350753031454	0.02822767681391325	15.029974238132127	9080.335148551967	0.0693492174004008	3583563.728513036	3598965.682865528
169.0	2.0	4.0	1.0	-0.49	-0.49	0.0	0.16023813287325528	-0.14930018416552737	0.06109517662317654	-0.48200916956265727	-0.44803002959087124	0.1817291096360666	16.999570056213997	7751.574199719471	0.07087128557802307	3604021.7899070997	3618736.01070969
170.0	2.0	4.0	1.0	-0.0	-0.3	0.0	0.0021048918582457945	-0.0849623341005592	0.02863719844358703	-0.006670737584032549	-0.25478989448096034	0.08481294575419895	17.27781511726789	6733.715826092521	0.07003994055345426	3623786.3592088977	3637976.2849871186
171.0	2.0	4.0	1.0	0.9	0.0	0.0	-0.2840985798665797	0.004298950275405944	-0.01703312123290668	0.8503212139118299	0.012346573175488817	-0.050595815976129055	26.913919442449696	11462.429075763794	0.07032266227078372	3643042.1251358786	3661638.3058485663
172.0	2.0	4.0	1.0	-0.3	0.0	0.0	0.08635781664327417	-0.0010012765814780833	0.012918745708415225	-0.2582318488169432	-0.0027448755558556748	0.037199816891782644	17.22603163216263	7584.1366763052065	0.07096116716812532	3666708.441838564	3681039.891517241
173.0	2.0	4.0	1.0	-0.0	-0.9	0.0	0.002658514333910315	-0.2862028200234694	0.07753134660869465	-0.008525820652459876	-0.8587703064382697	0.23309758754867493	26.880734250880778	16829.223171138437	0.06961224385090813	3686121.120113239	3710724.473203314
174.0	2.0	4.0	1.0	-0.1	0.0	0.0	0.019763042715945287	-0.004227699030456278	0.006439502555916743	-0.05805909575208888	-0.012165188714212016	0.01968472419327094	27.160073339473456	7028.912689042045	0.4229294085981742	3715797.3074046313	3729325.5120821414
175.0	2.0	4.0	1.0	-0.3	0.0	0.0	0.08636224475989883	-0.009184470631124597	0.016675205615354072	-0.25801854825181114	-0.026355748771199172	0.05245180132763694	16.7019973450806	8584.36970198818	0.337329401729456	3734379.2815734195	3749909.6819436383
176.0	2.0	4.0	1.0	0.0	0.9	0.0	-0.0033772762115349547	0.2847572082656965	-0.045349806973342344	0.009160750427436457	0.8533652851370657	-0.13586631265726667	26.777167280670255	8079.070464562392	0.0647077807589399	3754964.442249926	3769427.81254524
177.0	2.0	4.0	1.0	0.35	0.35	0.0	-0.10577933762761374	0.10601003128239606	-0.013588458075791676	0.31724090506212443	0.3172856005550253	-0.040444934767544405	16.676834944519214	6934.942073610728	0.06657030080515437	3774511.2324578804	3788127.8654592023
178.0	2.0	4.0	1.0	0.21	0.21	0.0	-0.06916289598581335	0.05366028410972501	-0.008784557869785603	0.20658234829741604	0.16318196293209042	-0.027498100251609037	27.02149779361207	4994.5430417283205	0.06635214367384892	3793185.7484555077	3805635.8060190543
179.0	2.0	4.0	1.0	0.5	0.0	0.0	-0.15506353332505585	0.000991056522799627	-0.012301701380888819	0.46522296924873974	0.0035881857662722894	-0.037408651865257436	27.060153079219162	12801.779382658424	0.08690583934825152	3810704.3983506593	3829914.856645439
180.0	2.0	4.0	1.0	-0.49	0.49	0.0	0.15164319734786305	0.15279118442484363	0.0021812405585422967	-0.45535039260002885	0.46002438622671693	0.0071846005952881375	16.59551299235318	14774.184619789594	0.0878624152413156	3835001.4557723333	3856899.841987426
181.0	2.0	4.0	1.0	0.0	0.3	0.0	0.002811651209229113	0.08450404992528793	-0.011086155489388183	-0.009697355297006351	0.25257344084226807	-0.03316691233678437	17.11517121293582	6574.319694467704	0.08625695016573301	3861971.8272313187	3875333.8273429107
182.0	2.0	4.0	1.0	0.64	-0.64	0.0	-0.2050324384243241	-0.20061446417203832	0.05617247577633311	0.6140614985186592	-0.6021023467046929	0.16778499427795723	16.878863476449624	8135.062998990179	0.0866714760213252	3880404.1631734	3896284.9936929853
183.0	2.0	4.0	1.0	-0.21	-0.21	0.0	0.06144747678241103	-0.05772262794308336	0.017356813916237335	-0.18424532252651635	-0.17209969780136458	0.05014780498972826	16.43505712854676	12084.735286101932	0.08666171470353824	3901372.6087972755	3920169.6758827893
184.0	2.0	4.0	1.0	0.64	0.64	0.0	-0.2097100487779014	0.19786515618367428	-0.03526956893262623	0.6290330385129872	0.5930451909002935	-0.10461850308993637	27.109019181807525	13179.352465755073	0.08687148424261039	3925222.088063281	3945771.5593429604
185.0	2.0	4.0	1.0	0.7	0.0	0.0	-0.21867064919708173	0.007523175929685322	-0.016063245593952225	0.6558824704969561	0.022440050694766844	-0.04782352025633596	16.885062897927128	9201.05959220382	0.08672787793075758	3950843.189031235	3966639.0461336123
186.0	2.0	4.0	1.0	-0.0	-0.7	0.0	-0.0013995308598810147	-0.2186983918225026	0.06093111772335191	0.00546099424896214	-0.6556096363639236	0.18196936598763414	16.65787197998725	6401.4831957174465	0.08741111065061748	3971710.2374856183	3985290.383916188
187.0	2.0	4.0	1.0	-0.21	0.21	0.0	0.06096800152274262	0.05702595054180448	-8.246585792859307e-05	-0.18306585093608935	0.17136917508756389	-0.0006593911649965811	26.90297925437335	9478.929044591496	0.0865592668541288	3990359.5940028755	4006491.248408653
188.0	2.0	4.0	1.0	0.1	0.0	0.0	-0.018171186580208075	-0.0026697917888407474	0.0005531822690233446	0.054901991023491754	-0.00891571502654609	0.001384884412929499	16.531695320736617	7207.017610387993	0.0871294787862768	4011562.985310622	4025215.032016407
189.0	2.0	4.0	1.0	0.1	0.0	0.0	-0.019863175984765925	0.0031874843708037393	-0.00020699168383664368	0.058650819020701565	0.009724299480272536	0.0008438910505729202	16.87631076492835	10457.356482249452	0.08674102748237347	4030296.789387445	4047077.509666546
190.0	2.0	4.0	1.0	-0.49	0.49	0.0	0.1544592464623952	0.15060870125989223	0.0035203906309471122	-0.46399275558505904	0.45121108758180295	0.010973165484052139	17.046248118276708	9917.236497727572	0.08848642283381851	4052146.794511093	4068845.1454988243
191.0	2.0	4.0	1.0	-0.3	0.0	0.0	0.08830973131461732	-0.009830289429733852	0.015876212710770554	-0.265155778858858	-0.0297174532042076	0.048086408789212554	16.914966035983525	8284.846729991841	0.6489837445382269	4073914.9273918886	4089112.816157314
192.0	2.0	4.0	1.0	-0.7	0.0	0.0	0.21766587673407534	-0.0027238786870319442	0.019913145647368347	-0.6528681531079369	-0.007588989136794622	0.059922545204865396	22.287320301984437	10790.497146983398	0.08887958349029464	4094159.139766896	4112314.0704846154
193.0	2.0	4.0	1.0	0.64	0.64	0.0	-0.20406399291807284	0.2023586846363944	-0.05527867551687493	0.6122243480277907	0.606396299164165	-0.16528670176234372	24.42612410231959	11859.174811921548	0.08865951436030862	4117383.4450385766	4136288.0489186062
194.0	2.0	4.0	1.0	-0.0	-0.3	0.0	0.0040550111138813495	-0.08529158140363002	0.03178640421149259	-0.012618203171655972	-0.25619843694661304	0.09581698329137867	26.86979406280443	9762.008936653729	0.08759165541656716	4141370.533811147	4158072.620138584
195.0	2.0	4.0	1.0	0.21	0.21	0.0	-0.058460103576716264	0.06016239072614993	-0.01859616388187524	0.17531557218300406	0.18016347944272681	-0.05400318608371224	26.814728538738564	8595.068097100011	0.08890476326922084	4163154.7064441545	4178207.1864537285
196.0	2.0	4.0	1.0	0.0	0.1	0.0	0.0030024529712766286	0.01863110648271482	-0.0022054840924510266	-0.008748404725251645	0.055569626712421494	-0.006433344014592723	22.386146534699947	4667.249534759321	0.08807212750904331	4183289.281146761	4193935.4048429234
197.0	2.0	4.0	1.0	0.07	0.07	0.0	-0.018159317846564955	0.008135313420162826	3.029831389567139e-05	0.05522244683185756	0.025215172099795402	0.00132687571531942	22.602761964662932	9401.33222132863	0.08845074548970182	4199007.386440091	4214475.86761952
198.0	2.0	4.0	1.0	-0.0	-0.3	0.0	0.0032759344898341007	-0.08457893516075576	0.02817283588924291	-0.009018571630195212	-0.2542223445858516	0.08346563515685668	17.086726758861914	6034.651174413739	0.08973328875159209	4219541.575392185	4232054.8266766565
199.0	2.0	4.0	1.0	-0.35	0.35	0.0	0.10669047657193191	0.10498829300413115	-0.009602294956865043	-0.3196182598857838	0.31483540191810466	-0.026884248111611386	16.54701156076044	8150.93427253305	0.08985368291624289	4237122.081754453	4251977.99675951
200.0	2.0	4.0	1.0	0.35	-0.35	0.0	-0.11069115046524458	-0.10073244565343364	0.021785867093950806	0.33162028156572176	-0.303362630808903	0.06567804074168304	27.117041987366974	12178.827702126	0.08860289604304071	4257045.647871564	4276479.460736984
