TN	hand	digit	Corr	TargetX	TargetY	EnsPercent	RawX	RawY	RawZ	ForceX	ForceY	ForceZ	RT	MT	EnsForce	measStartTime	measEndTime
1.0	2.0	3.0	1.0	0.7	0.0	0.0	-0.2203198895810081	-0.0017320582493389747	-0.005095823605710592	0.6597296363472777	-0.005325651842306045	-0.014829700160230885	750.3453441604506	8668.049137329945	0.004467781164623919	0.05579478238360025	15788.337578112987
2.0	2.0	3.0	1.0	-0.0	-0.7	0.0	-0.0006787016646510498	-0.2188193536398757	-0.050237112993045896	0.002942444653977163	-0.6559401525424703	-0.15094022430758813	11017.447720656492	13701.687919736287	0.007695281098996665	20857.682102494437	41423.10275867203
3.0	2.0	3.0	1.0	-0.35	-0.35	0.0	0.11136343438192164	-0.10449365597674487	-0.02701461509115277	-0.332730793655729	-0.31354570647737934	-0.0815016159303592	16.948485008470016	8851.306910677522	0.009228486253928178	46475.54109996781	61924.18328111307
4.0	2.0	3.0	1.0	-0.21	0.21	0.0	0.062188163448001786	0.05725840076919553	0.016028705272004284	-0.18578762777827063	0.17287575760904428	0.05028341496913713	16.76687846702407	9318.909470963263	0.01111826902058083	66976.84771890636	82842.13578042909
5.0	2.0	3.0	1.0	0.35	0.35	0.0	-0.10995952719625392	0.10634399155170715	0.012599172961036187	0.3285190720987255	0.3180608964479529	0.03692775463499687	300.0191088030988	7134.182070403767	0.012375926849777808	87895.19698110234	101709.92147887591
6.0	2.0	3.0	1.0	-0.07	-0.07	0.0	0.013502436775782929	-0.011354135563726664	-0.000956795605356886	-0.04063678742163807	-0.03322080557830087	-0.003831705195562529	8483.656870124832	8834.730755541386	0.012237471064242795	106762.7171985041	121977.83999078092
7.0	2.0	3.0	1.0	0.1	0.0	0.0	-0.020282535029555467	-0.0071405840637907	-0.0007253894864689414	0.06065338944723272	-0.020450673984203194	-0.0016726207368158441	8516.556462855078	8851.003139090608	0.013970551868909345	127030.33813825095	142228.74328275066
8.0	2.0	3.0	1.0	-0.0	-0.9	0.0	0.007522735707583664	-0.28674908388425924	-0.06195562066066751	-0.023053746226335364	-0.859826451096338	-0.1864161867702836	7633.326915107318	15767.868916540465	0.015010131857635795	147281.58093962702	170663.61983406387
9.0	2.0	3.0	1.0	-0.21	-0.21	0.0	0.058348502953244806	-0.06089249479725878	-0.018172689402561337	-0.17498077031258985	-0.18248326875034282	-0.05470117647044437	16.126879512739833	7534.5005017879885	0.016411374642400476	175716.25874483288	189698.03500265698
10.0	2.0	3.0	1.0	-0.49	0.49	0.0	0.15167853164689493	0.15666460822990103	0.030012317082543705	-0.45432347092209446	0.4699290861425587	0.09150181734971397	17.052781135134865	12400.337758990645	0.01721122894695969	194734.15719978948	214232.66313956265
11.0	2.0	3.0	1.0	-0.0	-0.3	0.0	0.002265974311251088	-0.0880120850543682	-0.017912260624028065	-0.007866108961638595	-0.2635507160595203	-0.05277546349259232	7432.417934265686	8100.694262109755	0.01699157498783006	219285.66015800607	233883.68611680198
12.0	2.0	3.0	1.0	0.21	0.21	0.0	-0.06236129158667888	0.05879553556898354	0.019691261158201856	0.18624227364715717	0.17599817542408325	0.05944000000012628	7601.316027466964	8417.685559579695	0.018275162658702913	238936.42822968104	253968.49600611313
13.0	2.0	3.0	1.0	-0.21	-0.21	0.0	0.06507780302702486	-0.05807126228305315	-0.015340462348303996	-0.1948773470717794	-0.17482880304703285	-0.04506006866542012	6699.415285285795	7634.089808445424	0.019238647047679393	259021.4379591198	273152.92911656434
14.0	2.0	3.0	1.0	0.0	0.3	0.0	0.0033294603206137537	0.0850571976516219	0.016352306401213657	-0.009373364763967853	0.2548155309455705	0.04740894483879776	6650.620014937886	8034.935919880809	0.019462718429738287	278189.4112447262	292853.8475788737
15.0	2.0	3.0	1.0	-0.7	0.0	0.0	0.22163392671552978	0.0024221625300900884	-0.01042819256878702	-0.6632833164679752	0.008431781438872354	-0.031513463034811506	6768.336061075388	8602.495740633458	0.020786865791422207	297924.5935368526	313277.8984841352
16.0	2.0	3.0	1.0	0.1	0.0	0.0	-0.02010516435808871	-0.008065028937501273	-0.0031245716028811543	0.060153646706404815	-0.024033240444642834	-0.007771517509490344	7533.465198648628	8218.449692802096	0.019748052930040085	318342.58943210443	332955.82110953546
17.0	2.0	3.0	1.0	-0.64	0.64	0.0	0.19925786791660693	0.2047344986826527	0.029932005798496863	-0.5979354501176825	0.6138474340386633	0.0905742275122221	7239.6790596685605	8888.854974415153	0.021580274154621486	338010.1903878385	353693.78037715796
18.0	2.0	3.0	1.0	0.1	0.0	0.0	-0.021637383344196952	-0.007622946662659835	-0.0009741359578123721	0.06371448691041623	-0.022901209261551703	-0.003700617990168631	7333.412467109156	7500.3901987875	0.021435001299259713	358766.73478735756	372491.47397410707
19.0	2.0	3.0	1.0	0.0	0.5	0.0	0.0011819316552184444	0.15114798198943458	0.025287721065132773	-0.0032221022299325306	0.4537676387040267	0.07517650721004698	5283.5611073169275	6591.0939131936175	0.02189535859283877	377544.9665814813	390932.510560895
20.0	2.0	3.0	1.0	-0.7	0.0	0.0	0.22083723257485302	0.00820705667812549	-0.03489983672841368	-0.6630943446488601	0.024815385675809987	-0.10524883497352211	9400.679456433863	12585.13627055072	0.023138241177513307	395973.1831323297	415243.7269162765
21.0	2.0	3.0	1.0	-0.9	0.0	0.0	0.28307068279453396	0.00022497508313223946	-0.03895462272063721	-0.8502802344114874	0.0004483403343910064	-0.11663498283346119	4206.201097520534	6783.622007504164	0.023101345205016263	420297.58565410884	433878.1806671468
22.0	2.0	3.0	1.0	-0.0	-0.1	0.0	0.0029459491673293012	-0.02283426097200192	-0.002447632562698976	-0.008999693869849555	-0.06885884492530092	-0.0068393499655059475	7650.802350821323	7767.936016156455	0.022824349062365704	438932.82089656714	452995.626491509
23.0	2.0	3.0	1.0	-0.07	0.07	0.0	0.008614335510019791	0.019887301883332098	0.004259806210463957	-0.025713529435770252	0.05914399727283981	0.011039890135168484	13732.669703647844	13850.52323104901	0.024988655414013884	458033.65920402575	477862.27222601883
24.0	2.0	3.0	1.0	0.49	0.49	0.0	-0.15352059795144327	0.1539247391217491	0.025390969710883393	0.46175945697650445	0.46141815535595243	0.07434182650504662	9366.79561460187	11141.627938523015	0.023988773711816104	482900.75384947704	500730.39342249103
25.0	2.0	3.0	1.0	0.07	0.07	0.0	-0.012964360183239263	0.011203109165043301	0.002336937514359816	0.03879597272900103	0.03338274258012419	0.006003717097897487	6483.602169362712	6683.799310914765	0.02396065078908992	505768.7288125744	518431.0536971898
26.0	2.0	3.0	1.0	-0.0	-0.5	0.0	0.002445105871200169	-0.15502204454814028	-0.03869982757301149	-0.007043994151449901	-0.46412742471082447	-0.11545860379937323	9400.56203212589	10443.255614489317	0.024195792406705236	523469.94302368694	540515.7250112316
27.0	2.0	3.0	1.0	-0.0	-0.3	0.0	0.005695964963774067	-0.08842949762683228	-0.011000881971402476	-0.01634340159915984	-0.2629902744568645	-0.03295686884851734	5733.885519322939	7117.658792674774	0.024558433920106034	545537.8018752891	559150.0959816112
28.0	2.0	3.0	1.0	0.5	0.0	0.0	-0.1513634793492641	-0.0034974093755179014	-0.007781979095095037	0.45331357548205764	-0.010039058296541614	-0.023071274891144578	7145.279032250983	9010.953645847621	0.024978318620991462	564188.6684083438	579800.9946057792
29.0	2.0	3.0	1.0	-0.49	0.49	0.0	0.15766619555639305	0.15597030457539784	0.016401464866129922	-0.4719627699148662	0.4671340511604588	0.05007415884650146	5066.92273918452	6867.356479779119	0.024248645159819136	584823.4208253853	598268.593519344
30.0	2.0	3.0	1.0	0.0	0.1	0.0	0.0024984159068222322	0.018258911627500818	0.0031191210803913627	-0.007042077890454773	0.05412934941105718	0.008899592584273197	6666.859213357384	6767.086695603211	0.025818542836122463	603293.3795299542	616036.1634050424
31.0	2.0	3.0	1.0	-0.35	0.35	0.0	0.10381324953034875	0.10522694950025879	0.010378069733801842	-0.3128963659017989	0.3151953093971924	0.029760897230702854	9167.133446528169	10334.140351951646	0.024876531047679073	621058.8558350428	637837.5110130874
32.0	2.0	3.0	1.0	0.0	0.5	0.0	0.004854700491339847	0.1512129061204246	0.023054709697190034	-0.01511437912474839	0.4541242574648584	0.06893524376312032	5416.7640340237995	7467.176258993277	0.02699809906014828	642859.7428626453	656972.0387923226
33.0	2.0	3.0	1.0	0.0	0.5	0.0	0.0007813770004223963	0.15187135756753345	0.021954216830806672	-0.0023765002748395523	0.4564233045419076	0.06554221103258939	5966.869205367402	7984.4671707905945	0.02579394747146955	661994.2432914977	676589.616627869
34.0	2.0	3.0	1.0	-0.21	0.21	0.0	0.06229042445707141	0.05916316419872025	0.009296772716964607	-0.18696838119193115	0.17719816913401032	0.027295216296922664	11900.929256589734	13001.043690594088	0.02610564181574271	681613.3450903508	701124.2163203787
35.0	2.0	3.0	1.0	0.5	0.0	0.0	-0.15026403755081752	-0.000378979454966788	-0.00338758831148378	0.4504360506431574	-0.002269862939930589	-0.009338777752029737	7767.0378295879345	9550.807529158192	0.026891007133533696	706146.6341525302	722192.1791034329
36.0	2.0	3.0	1.0	0.21	-0.21	0.0	-0.05955405123046152	-0.06029877758137758	-0.013910411230530384	0.17943901625711928	-0.18031368581983187	-0.04200589608573169	6100.4692596325185	7333.955098692968	0.027620942057949908	727214.794587686	740976.665383023
37.0	2.0	3.0	1.0	0.64	0.64	0.0	-0.199433926553518	0.20432270541609288	0.037170989547656186	0.5988520573112827	0.6134536553518629	0.11210807049693972	4950.508206573431	8550.603677642357	0.026972499034773115	746015.7859114187	761394.3188514896
38.0	2.0	3.0	1.0	0.9	0.0	0.0	-0.29122951788684454	-0.008649618018197414	-0.012047962157523351	0.872523259811931	-0.0260135926017373	-0.036601657129470944	7467.538378055906	11901.052150977193	0.027275680466935723	766416.9646035007	785479.1393162886
39.0	2.0	3.0	1.0	-0.64	0.64	0.0	0.205677817000808	0.19808235400937857	0.023125828946489735	-0.6173247744645747	0.5961568491689003	0.06823306019721698	8366.819682938512	11267.266114111408	0.027078630188570006	790503.9136573977	808596.9738807543
40.0	2.0	3.0	1.0	0.7	0.0	0.0	-0.21757003778888281	-0.0035401022893929435	-0.00960395513832668	0.6528395904609378	-0.010814522509612345	-0.028628757152219686	6350.007949840801	10000.829263597552	0.027032063573164736	813626.4462882245	830348.1207734585
41.0	2.0	3.0	1.0	0.64	-0.64	0.0	-0.2078290271315842	-0.20148539184674163	-0.03306936446161135	0.6218038791689937	-0.60523303810596	-0.09865876859655298	7467.352760126232	10117.56142530794	0.0262281312711306	835371.1931914368	852566.0161651685
42.0	2.0	3.0	1.0	-0.07	0.07	0.0	0.009750242374121528	0.01807633597684888	0.005823184558005012	-0.027470417075889087	0.05477928558127532	0.017194891279874502	10267.130091546278	10367.361585180333	0.02761882376435005	857588.3865899959	873933.7398694188
43.0	2.0	3.0	1.0	0.3	0.0	0.0	-0.09016799951956475	-0.010017448569495269	-0.000167458609770188	0.2697595052665316	-0.030214192076347124	-0.001372140077422257	7267.056792523363	8567.799045435095	0.028698313447106227	878956.7028858655	893934.9947049704
44.0	2.0	3.0	1.0	-0.35	-0.35	0.0	0.11206476001084817	-0.10170566023262628	-0.029759597161666207	-0.3372300967868578	-0.3060880589050474	-0.0885463584339572	5633.624487272755	6967.1613074533525	0.02784782266642672	898957.707921254	912452.6900377532
45.0	2.0	3.0	1.0	-0.1	0.0	0.0	0.01787338063153652	0.0034580742342846804	-9.626001359630543e-05	-0.05287564860244703	0.010406591976426238	-0.00060921950061954	7133.722583974304	8017.600882798433	0.027351410408412644	917475.5163022855	931536.963494902
46.0	2.0	3.0	1.0	0.21	-0.21	0.0	-0.06144284581833876	-0.05659758852306751	-0.010844489204081764	0.18533198493575723	-0.16878931808846176	-0.032396136415175025	7650.529576341796	8900.824960466707	0.027356522366456828	936559.7857480461	952021.6115428847
47.0	2.0	3.0	1.0	0.0	0.1	0.0	-0.004886836706142237	0.019734751970851172	0.004963710994297266	0.015437372684161604	0.05913951736540879	0.014845355917201708	10750.767269397329	10817.310020596778	0.029740594730802965	957044.4454655298	973839.3814145748
48.0	2.0	3.0	1.0	-0.64	0.64	0.0	0.1977763866878475	0.20847415538569136	0.027367666132784407	-0.5938794377142715	0.624483757223478	0.08233188372680367	10217.315198933647	11917.664043947298	0.027983330054918664	978865.0812926281	997724.0379229479
49.0	2.0	3.0	1.0	0.07	0.07	0.0	-0.01033526736105424	0.014979593469599428	0.006475800717371527	0.03126475627174097	0.04455034912593092	0.01951895628349476	7866.689130445593	8083.594802992593	0.028205363070386624	1002747.0158909418	1016808.3197675442
50.0	2.0	3.0	1.0	0.0	0.7	0.0	-0.0002052643534796797	0.21888368649212742	0.040008123903476855	0.0019429332769026128	0.6562949974670874	0.12203856260079449	6950.490337658266	8617.383465491002	0.027610802879311752	1021833.1663136632	1037209.6680320029
51.0	2.0	3.0	1.0	0.3	0.0	0.0	-0.08269421478542863	-0.002468541225259746	-0.001967626458929894	0.2491508303841712	-0.007502731496495829	-0.005399331654198702	5833.368341824098	7633.7823901485535	0.028495443867407256	1042249.2648217231	1056444.0837840666
52.0	2.0	3.0	1.0	0.64	0.64	0.0	-0.2006680202141223	0.20477814109524684	0.025599615472861714	0.6022953841045176	0.6142373154650239	0.0752882032508122	8635.280461763614	11267.69970884925	0.028375647312434034	1061483.6346251469	1079695.4024371735
53.0	2.0	3.0	1.0	-0.64	-0.64	0.0	0.20959555218342124	-0.1987584143412804	-0.060787945372479224	-0.6293693034745649	-0.5968578899481424	-0.18218072785467732	4017.0360062329564	9400.487639082712	0.02830143163917983	1084721.072776818	1101563.1815715316
54.0	2.0	3.0	1.0	-0.21	-0.21	0.0	0.05870055548852013	-0.05800605761835531	-0.01494802471940404	-0.1773316988613072	-0.17350026447790945	-0.0449356282895923	6750.300854204397	8317.653541402251	0.02854399828276272	1106586.3677671005	1121531.0047582388
55.0	2.0	3.0	1.0	-0.0	-0.7	0.0	-0.0025779752653595535	-0.21797549099373803	-0.04764628366498347	0.007021801777488328	-0.6534085646040576	-0.14238952620666934	7967.294412650517	9867.450565099716	0.028366080360011533	1126556.3676795792	1143515.3140261536
56.0	2.0	3.0	1.0	-0.0	-0.5	0.0	0.0032561547057303915	-0.15056936611866012	-0.038398644998641984	-0.009412402107896008	-0.4525820687424317	-0.1150128267331656	6066.96613512031	8033.8028846963425	0.029704609840773867	1148538.6355149457	1163299.9695134421
57.0	2.0	3.0	1.0	-0.0	-0.1	0.0	0.0012434721181339443	-0.018575146482579852	-0.004130702677743958	-0.0035038314393957878	-0.05575780872131175	-0.011476566719430092	4666.88765775325	4900.510978077364	0.028677911509546686	1168339.7431689664	1179567.3483111314
58.0	2.0	3.0	1.0	-0.5	0.0	0.0	0.1534671368592113	0.005366419863393701	-0.018824402227620052	-0.4601100871154833	0.016649537240909784	-0.05789229571925292	6967.071598199254	9134.256828117941	0.03012956785427527	1184590.569879867	1200718.741065546
59.0	2.0	3.0	1.0	0.21	-0.21	0.0	-0.05579519307434747	-0.06428157068798057	-0.012399169909035113	0.1665116088365906	-0.19210021877177885	-0.03660240787313418	6416.95293399971	8167.358449005405	0.02946880543720214	1205742.0231697834	1220669.6617158814
60.0	2.0	3.0	1.0	0.07	-0.07	0.0	-0.015735174316929904	-0.010753750277501917	-0.0008731395435754852	0.04720552295078971	-0.032455466473939265	-0.0005136736089823568	6968.827492753917	7252.926126253442	0.02886351774029692	1225710.8404517276	1239170.7641186367
61.0	2.0	3.0	1.0	-0.49	0.49	0.0	0.14627356645253575	0.1626499847107441	0.03597156328695483	-0.4383027909804506	0.4884031239622444	0.10800624399224468	6783.670873519441	15351.312016078737	0.02895034509240846	1244194.130462056	1266405.7268783508
62.0	2.0	3.0	1.0	0.07	0.07	0.0	-0.008233703064131702	0.018572854738020173	0.005191595330906296	0.023956615900232577	0.05691622733623514	0.01543745479564862	5283.546155777003	5416.966426855652	0.028440995417297867	1271428.5553309163	1282823.1932702037
63.0	2.0	3.0	1.0	0.3	0.0	0.0	-0.08594028322551392	-0.005530320601140226	-0.004160787365342866	0.25782084967654173	-0.015878837784830346	-0.012024591439127708	6983.812949642015	8267.521019683045	0.02892364320781045	1287865.6924825117	1302657.9236610704
64.0	2.0	3.0	1.0	0.07	0.07	0.0	-0.009634135947769202	0.01532764084675764	0.0046669779509203035	0.0296792704090425	0.04559449125740522	0.01400093385276091	8133.881945541361	8567.33044221619	0.029543854071213918	1307707.5179272653	1322241.9622696033
65.0	2.0	3.0	1.0	0.21	0.21	0.0	-0.05834763977261621	0.07294802936026745	0.00697799954245526	0.17429842602568626	0.21894119590151928	0.019148693065452305	8583.843144457205	10134.21926691808	0.029076558229212682	1327269.5070221233	1343993.0329459093
66.0	2.0	3.0	1.0	-0.5	0.0	0.0	0.1561376839310845	-0.00010011600520354325	-0.021762545204604855	-0.46663274174677793	-0.0009153642134843709	-0.06437209430001278	6550.307928839175	7867.152992927004	0.029753688620638714	1349016.5586508883	1363444.239134238
67.0	2.0	3.0	1.0	0.64	0.64	0.0	-0.20395884025389707	0.20273865674912783	0.0327289112690321	0.6110025503752395	0.6081188624266662	0.0994684916464188	8050.658743079111	11786.324225293356	0.030360964077227125	1368468.669589878	1387380.460959699
68.0	2.0	3.0	1.0	0.9	0.0	0.0	-0.28459439513554724	-0.0007400177005987274	-0.02777975738130989	0.8528444764730455	-0.0015402983567783801	-0.08311038681547922	6500.420831223892	8518.505268781155	0.02926880514647886	1392419.4268672655	1407650.1484943437
69.0	2.0	3.0	1.0	-0.49	-0.49	0.0	0.16565762108169074	-0.14780172848968776	-0.02984547493683576	-0.49658443196220486	-0.443146231280485	-0.08999419546740817	4833.569275964692	7283.957505525905	0.030211726759347503	1412689.995448898	1427380.9758762363
70.0	2.0	3.0	1.0	0.9	0.0	0.0	-0.28358588078451663	-0.0009369092019828607	-0.026304740977869612	0.8509518579949835	-0.002681250511659794	-0.07928043945912955	5133.500134201313	7633.889238975826	0.02970970020802326	1432404.5274729142	1447332.3326740065
71.0	2.0	3.0	1.0	0.0	0.9	0.0	0.005566923775702358	0.28550579303405754	0.04454948958593152	-0.017445264619269936	0.8560965785457334	0.13323647516658377	5150.495661866444	7300.58982011542	0.029010580060585905	1452356.0946862926	1466583.0627468822
72.0	2.0	3.0	1.0	-0.5	0.0	0.0	0.1540352219263082	-0.0011000891839160198	-0.020161574730871656	-0.4619761886846353	-0.004336084306061361	-0.059157189287602385	5328.565614661784	6650.105463071668	0.03008049476310219	1471605.745695415	1484917.9014452675
73.0	2.0	3.0	1.0	-0.35	0.35	0.0	0.11019676807612003	0.11272445443805712	0.025196527046811523	-0.3300723958512033	0.33739650074843663	0.07508603341784359	11250.695429058396	12484.164128545672	0.02925292023701461	1489960.8295115759	1509335.6304007904
74.0	2.0	3.0	1.0	-0.1	0.0	0.0	0.017382796237178137	-0.004677053602070158	-0.0028483222703548083	-0.05214838871153441	-0.012995344051897506	-0.009002737467965316	10433.797487559787	10684.665771033906	0.029309224826686086	1514359.8281958401	1531320.1788933803
75.0	2.0	3.0	1.0	-0.0	-0.3	0.0	0.0025592269821066334	-0.08766885422511128	-0.01980400091534551	-0.008584020606343747	-0.2631360397696233	-0.05854223849792484	12100.677122536581	13117.674473563966	0.030067605086231484	1536348.2254342525	1556004.868003409
76.0	2.0	3.0	1.0	-0.1	0.0	0.0	0.020693171634093614	0.008649678440858843	0.0016171572444383386	-0.0604286819500943	0.026305097331871363	0.004027484550893412	5333.683053555433	5933.972165330488	0.029001732260126697	1561028.733582476	1573189.3725895206
77.0	2.0	3.0	1.0	-0.07	0.07	0.0	0.01058502436003503	0.014533825413473034	0.003460856031366699	-0.03110768760865932	0.043277783504696465	0.01074878461962081	6133.826880097331	6217.271438319585	0.029228537202490062	1578230.2238501215	1590423.775213407
78.0	2.0	3.0	1.0	0.49	-0.49	0.0	-0.15249053429601978	-0.15381089854454577	-0.02657507591338426	0.45666237104875224	-0.4611413721714869	-0.08045766079119421	7700.496172401472	9534.17193252244	0.02997079849384786	1595464.5086850214	1611741.3678546217
79.0	2.0	3.0	1.0	0.0	0.7	0.0	-0.001663905822806613	0.21889198597387027	0.03421246662113786	0.0048298711005583545	0.6563846344594604	0.10282050812617394	8083.906232677691	9684.084484237246	0.029207359984033714	1616785.9332971566	1633342.614594454
80.0	2.0	3.0	1.0	-0.3	0.0	0.0	0.09116080398315508	0.012169970734848046	-0.009267261768272084	-0.2726408108365858	0.03592726528024326	-0.02780178530481625	7450.11983114091	8666.983931107097	0.03080211029681738	1638367.2857334604	1653543.6209426625
81.0	2.0	3.0	1.0	-0.0	-0.7	0.0	0.0015880192978437752	-0.21660396602935417	-0.057728975356421075	-0.004310888063519236	-0.6498118980880625	-0.17304959487219296	6483.423844860226	8966.894367717032	0.029502663321347003	1658568.1764807159	1674528.3561472024
82.0	2.0	3.0	1.0	-0.0	-0.9	0.0	-0.0036640291322568	-0.2865745530770522	-0.06503060044224107	0.011153933764631719	-0.8596912899575844	-0.19541224078655384	4716.933387593599	6533.670873519441	0.02829616017693148	1679553.07834025	1692995.758138015
83.0	2.0	3.0	1.0	0.64	-0.64	0.0	-0.197514532212357	-0.20928181623624142	-0.04889201800535459	0.5929643971935108	-0.627683602340863	-0.14782048065831632	8433.835048745095	13984.572925597604	0.029181605905366653	1698020.1831235755	1719214.429186577
84.0	2.0	3.0	1.0	0.49	0.49	0.0	-0.15641457932902814	0.15165464743890955	0.02799525749630538	0.46827265977991617	0.4545755110338613	0.0837568871604657	8433.949191014108	9967.46507903299	0.028840908030309892	1724255.4244925268	1741215.045846533
85.0	2.0	3.0	1.0	0.3	0.0	0.0	-0.0887428235632085	0.0023871173965789305	0.0025199969485314444	0.26548397739746316	0.007711629840465473	0.0068275577945529076	7150.286704942118	8617.138041394355	0.02858674046182058	1746240.079833944	1761433.0057851549
86.0	2.0	3.0	1.0	-0.9	0.0	0.0	0.2880107950090729	0.008130458029155019	-0.04047852902996518	-0.864032385027219	0.025168236653200116	-0.11928406500246136	5750.416090486397	7334.172078401025	0.029176618368564212	1766474.200201883	1780751.0032120335
87.0	2.0	3.0	1.0	0.49	-0.49	0.0	-0.14856162955607263	-0.16175111587904878	-0.027140941481335057	0.44549067302678436	-0.4844117465242669	-0.08197214923228624	8016.965989256278	9750.557218460017	0.02927270628614955	1785792.9696388892	1802385.3114588638
88.0	2.0	3.0	1.0	-0.0	-0.1	0.0	0.0010926269873838684	-0.018122628353938963	-0.0021054825662469856	-0.003407358056440893	-0.05430314651467216	-0.0057213458447697985	8100.384655779635	8333.983907767106	0.029175239099019694	1807426.4249184635	1822119.6947551435
89.0	2.0	3.0	1.0	-0.64	-0.64	0.0	0.21455525859822935	-0.19834026374937608	-0.031232489509094075	-0.6433420830589652	-0.5940497130409597	-0.09374324559297231	7350.410547471256	9717.379016488849	0.02979575182552935	1827146.115953954	1843854.0754987262
90.0	2.0	3.0	1.0	0.21	0.21	0.0	-0.05961929905417717	0.05871039574768766	0.006882294957231583	0.17814577314394134	0.17580749450734035	0.01844958571857047	5483.366226726503	6933.662923678639	0.02885986890328273	1848896.3125120355	1862255.3285838512
91.0	2.0	3.0	1.0	-0.0	-0.5	0.0	-0.0014605318349036282	-0.1513729354930481	-0.02943897459341205	0.0034105172975423103	-0.4531477282719757	-0.089781789882319	4933.3474825980375	6317.423068845528	0.029921930045213808	1867297.6228506232	1880506.4827699899
92.0	2.0	3.0	1.0	-0.7	0.0	0.0	0.22136072141477317	-0.002710335382946072	-0.03162271152786067	-0.6621400078299825	-0.007872051960259974	-0.09619566948859459	6733.453747947351	8283.999442777713	0.03017601990449376	1885547.9827816598	1900707.3873747722
93.0	2.0	3.0	1.0	-0.0	-0.7	0.0	-0.0017378329277426066	-0.21926711132734078	-0.05148964675331269	0.004792698226788093	-0.6571215792370045	-0.1552013733109795	6950.61067934148	11634.58867942245	0.028885371667831387	1905735.4794996136	1924441.8487108124
94.0	2.0	3.0	1.0	0.07	0.07	0.0	-0.010389332679726452	0.01657699122497036	0.005635577935804159	0.031006151671317872	0.049439650212760644	0.01672362554465212	12100.84560089308	12234.39387176768	0.028571153729695282	1929467.6306400143	1947676.6346047297
95.0	2.0	3.0	1.0	0.3	0.0	0.0	-0.09253163408713509	-0.011527682345005785	-0.0060535774773571305	0.27730357879925466	-0.03506858613860131	-0.018114955366381302	8233.67984444485	8650.575524981832	0.02909435116780797	1952716.3094342032	1967844.256711418
96.0	2.0	3.0	1.0	-0.07	-0.07	0.0	0.01533570295382267	-0.009255907459928214	-0.001031943236090127	-0.04503603065429944	-0.027767722379784643	-0.003095829708270381	3950.3189419265254	4117.387841557502	0.030377823190762546	1972869.7097066906	1983345.1242655502
97.0	2.0	3.0	1.0	0.49	0.49	0.0	-0.1550701107614456	0.15187602305881565	0.02072074464063456	0.4635594993321503	0.45630782392146474	0.061658686199312696	10050.65509636188	13317.734498530626	0.02902210956577973	1988370.4981270493	2008829.8696808997
98.0	2.0	3.0	1.0	-0.49	-0.49	0.0	0.1678117228675727	-0.14967127414954606	-0.03732945754140804	-0.503661753517724	-0.4483988062507651	-0.11175948729577367	5950.318941926525	8617.450929763436	0.02980405901918148	2013872.1201870649	2029497.9917525852
99.0	2.0	3.0	1.0	-0.0	-0.5	0.0	0.005986584933712104	-0.15265141821747974	-0.02817123063976812	-0.017603692791841145	-0.45785714683172263	-0.08405592126240347	6483.648482673743	8317.414681390801	0.02919887010690838	2034542.5925682792	2049648.917362465
100.0	2.0	3.0	1.0	-0.0	-0.3	0.0	0.005535232098923329	-0.08600288971650782	-0.015607794308035938	-0.016897019758920592	-0.25739365295165006	-0.04444297550822318	6216.803564449947	7433.593271372956	0.029834072069135083	2054691.2783641745	2068749.824228209
101.0	2.0	3.0	1.0	-0.64	-0.64	0.0	0.21819726799265082	-0.19859849286623	-0.06194755168960964	-0.6549154967136754	-0.595471785862967	-0.18611731746296944	6366.85104470962	10800.827950777602	0.030040040180267347	2073775.5000379258	2092134.5934201526
102.0	2.0	3.0	1.0	-0.21	-0.21	0.0	0.06514624461906593	-0.05857870891098527	-0.01700189517019357	-0.19459713274431834	-0.17489452562007635	-0.05068524605075009	16.780006648332346	9136.092585787992	0.02988862273391928	2097176.828610107	2112987.507439306
103.0	2.0	3.0	1.0	-0.0	-0.9	0.0	-0.004675737251613431	-0.27979583159638577	-0.06776762951064674	0.013185610641960839	-0.8419770366749401	-0.20243312428382854	33.31641256227158	9100.607834901894	0.029625034685090704	2118028.9501975058	2134670.2156522954
104.0	2.0	3.0	1.0	0.64	-0.64	0.0	-0.2012972659446583	-0.2085303052855776	-0.05295023422570555	0.6032767816361015	-0.6252348538474376	-0.15889647974280674	16.560474250582047	9234.089370838774	0.029070038556152956	2139712.6915256158	2156454.671664127
105.0	2.0	3.0	1.0	-0.9	0.0	0.0	0.2904327633235235	0.0038296648630797847	-0.04619726253116996	-0.8717838290741546	0.011521363862811884	-0.13854601052781979	16.623927134787664	11250.770551443566	0.03043681305401709	2161480.6530687856	2179722.4796804874
106.0	2.0	3.0	1.0	0.49	-0.49	0.0	-0.14847155234157564	-0.16793398808770832	-0.04577944609722995	0.44496148719471496	-0.5037372257159806	-0.13678901350340877	5300.2955300034955	7350.7511509087635	0.030073876451702338	2184748.5810621586	2199023.6489640446
107.0	2.0	3.0	1.0	0.0	0.3	0.0	-0.0024469617095516684	0.08518468079866082	0.008408276493751199	0.007081930940076763	0.25438874854738003	0.023897294576241013	16.736975383537356	8384.11533546605	0.02866045715649134	2204049.7507103793	2219191.8206310873
108.0	2.0	3.0	1.0	-0.49	0.49	0.0	0.15280119300425068	0.15162570499242345	0.016918532082349058	-0.4585006868334688	0.45555686972228815	0.0497942778675553	7550.418059712683	11867.464787290373	0.030573513531601357	2224234.0653025024	2243126.072499668
109.0	2.0	3.0	1.0	0.35	0.35	0.0	-0.1109937254868885	0.10445700532724944	0.015277778286659327	0.33353145411139434	0.31139649029383865	0.04647421377963923	5416.862860074616	7600.543287997425	0.03040568524675591	2248152.0396821215	2262593.9999824986
110.0	2.0	3.0	1.0	-0.0	-0.3	0.0	0.0006647828770149338	-0.08443331227279416	-0.015038272678453701	-0.0020914564517617255	-0.2521670122433526	-0.04332951247344763	7180.61754975497	8549.926117499126	0.030213050851295244	2267621.139220013	2282961.9621820822
111.0	2.0	3.0	1.0	0.35	-0.35	0.0	-0.10094729562777432	-0.11240743408859422	-0.027755306324593443	0.3035863801754855	-0.3366072860679089	-0.08399835202482175	6100.148713150702	7433.84197751584	0.02865489130768437	2288004.207582839	2302246.2026728974
112.0	2.0	3.0	1.0	0.35	-0.35	0.0	-0.101783199748505	-0.11544675350451772	-0.029114970626091585	0.304313782491202	-0.3454339208535293	-0.08761957427241529	6200.432354846271	7667.739166325191	0.0298418592748881	2307272.259929283	2321497.3218505476
113.0	2.0	3.0	1.0	-0.0	-0.9	0.0	-0.00179531644170371	-0.285559603714438	-0.05048015869351252	0.005353580051539016	-0.8556106251154285	-0.15263067978847988	5084.1848419077	8168.817136072903	0.03027959424315758	2326539.8892564774	2341765.0084312116
114.0	2.0	3.0	1.0	0.21	0.21	0.0	-0.07603171194459254	0.05525171728697742	0.01433267109208658	0.22803039728663307	0.16569041331378753	0.04208247196245796	16.698320177965797	9232.491743830906	0.030165089185280047	2346791.1105422247	2362649.4519712725
115.0	2.0	3.0	1.0	0.0	0.1	0.0	-9.717687516714625e-05	0.01749825096216162	0.0061342183569192965	0.0003562691726461658	0.052753707075063105	0.016571572443154325	66.88262528768973	7150.867262396787	0.02976987948341902	2367675.7192785954	2380800.3728404148
116.0	2.0	3.0	1.0	0.64	0.64	0.0	-0.20399956511595424	0.21541935851419924	0.033044821851222705	0.6103478623956764	0.6448661967789893	0.09812737010848616	3383.512533036992	9350.760632369202	0.029748532714828895	2385825.0366859795	2401918.2198037235
117.0	2.0	3.0	1.0	-0.3	0.0	0.0	0.08434573828211808	0.005045644678198902	-0.008291239795235716	-0.25271352211063147	0.013388993261693405	-0.024461725794496347	7350.509008851077	8117.294485578896	0.03146113022018832	2406945.808681521	2421469.4514461444
118.0	2.0	3.0	1.0	0.35	0.35	0.0	-0.10336110688528455	0.11134260151745445	0.01531565117903444	0.3105041212122937	0.33393069673164677	0.04553495994589252	6683.766125788679	8634.156543383142	0.03016122792049005	2426502.211734267	2441787.284041384
119.0	2.0	3.0	1.0	-0.07	-0.07	0.0	0.012947748272042012	-0.011964973967352521	-0.0027054062711844296	-0.03777505878824054	-0.035474121345618004	-0.008985983061664982	7667.038631872856	8084.196146730392	0.03093326900910405	2446818.089324166	2461388.5253111366
120.0	2.0	3.0	1.0	-0.35	0.35	0.0	0.10054829038220656	0.11691530860336685	0.015981158160036202	-0.30164487114661953	0.349451154867209	0.046936379034926645	7467.323221717379	9850.394501918345	0.03009880653753463	2466429.560001634	2483372.9654962155
121.0	2.0	3.0	1.0	-0.07	-0.07	0.0	0.014500610222883095	-0.010538809669178861	-0.0030166048673492263	-0.042595491008625266	-0.03148695191324746	-0.009873801784469283	5949.825541028986	6317.226510764158	0.030996164046391626	2488414.4848354915	2501140.654629584
122.0	2.0	3.0	1.0	0.07	-0.07	0.0	-0.016133199852484046	-0.00944910023231793	-0.0020283695732137286	0.04869092301960258	-0.027667545951935657	-0.004437134354797978	7033.851021369628	7417.6928530141595	0.02972794156555591	2506183.9692479623	2519974.872291947
123.0	2.0	3.0	1.0	-0.0	-0.5	0.0	0.0095510936553954	-0.1552978480225895	-0.029146459143658543	-0.027746941306162183	-0.46401612620057575	-0.08730204623390536	4800.24520529696	6452.945307988557	0.031020168679316337	2525002.157033501	2538559.3222502284
124.0	2.0	3.0	1.0	-0.64	0.64	0.0	0.20355082340256708	0.20404876641178638	0.02466938887649861	-0.609843238368394	0.6121139299617866	0.07359617303828503	7600.085989601212	10267.419640927983	0.0305566907686744	2543585.525375325	2561060.285713036
125.0	2.0	3.0	1.0	-0.21	0.21	0.0	0.05748867146548968	0.06408672060879395	0.012544808118101214	-0.17123598200072238	0.19219542327923744	0.036489997712051414	10783.723750922945	12384.125546275754	0.029620267443675508	2566087.2531901477	2585011.6607443998
126.0	2.0	3.0	1.0	-0.0	-0.1	0.0	0.002586378328779001	-0.02061640034897927	-0.002817059586152304	-0.007564919344903321	-0.06165498540550429	-0.007398306247584863	7233.607639434922	7700.692730490118	0.029499730660703008	2590039.487752867	2604129.5361521044
127.0	2.0	3.0	1.0	0.35	0.35	0.0	-0.10161298052854606	0.11775305993064766	0.016305143816606193	0.30331758572774076	0.35257942504692485	0.049190093843959115	7051.7585931302165	9983.959547695122	0.028867727989057266	2609173.949161843	2625813.9258666052
128.0	2.0	3.0	1.0	-0.35	-0.35	0.0	0.11655698074491917	-0.10258761935579996	-0.026968258182317406	-0.34976805005547446	-0.3081189200766947	-0.07898213778796848	5100.246809852251	8017.010843876051	0.028872121460626402	2630846.485220587	2645998.4712959556
129.0	2.0	3.0	1.0	0.35	0.35	0.0	-0.10351797701682214	0.10924322969933098	0.009746364538343544	0.3091296830132859	0.32811812038086063	0.029422201877790988	6733.609462797176	8417.31541774061	0.027746447476025945	2651026.0094843833	2665966.044317829
130.0	2.0	3.0	1.0	0.0	0.5	0.0	-0.002746463808158012	0.1556814152826208	0.018985506981307188	0.008012806509467991	0.46681766093285637	0.05713962920668192	5716.848054406	6967.5817739989725	0.028178775879434403	2670992.9910086575	2684367.1610157182
131.0	2.0	3.0	1.0	-0.5	0.0	0.0	0.1502185090885624	0.000547942747132435	-0.017334828717192607	-0.45055841944497044	0.002258844439271046	-0.05104316777208595	8600.714319050894	10034.088787360815	0.029096041224849236	2689394.9635911705	2706084.9772736547
132.0	2.0	3.0	1.0	-0.49	-0.49	0.0	0.15241056061078065	-0.15573084532131154	-0.03998889143176054	-0.4563577114458902	-0.468131244897531	-0.11703694209111593	5033.54943782324	7200.693095161114	0.028612072996752398	2711113.862194914	2725086.112132194
133.0	2.0	3.0	1.0	-0.3	0.0	0.0	0.08494312401565245	-0.0011254623784964224	-0.009848197146260285	-0.255379649697686	-0.001919769824736406	-0.029407260241710587	6167.060876847245	7250.803007234936	0.02892724894306246	2730113.8687590063	2743837.2338625486
134.0	2.0	3.0	1.0	0.0	0.3	0.0	0.008070186441753982	0.09285996210283343	0.013039627680188737	-0.025731915183159204	0.276670099167736	0.038386449989524785	7183.60311750439	8000.639269601379	0.02822454684885941	2748865.4069445184	2763338.280105847
135.0	2.0	3.0	1.0	-0.35	-0.35	0.0	0.10870783759853576	-0.1083693672104531	-0.029264502937019765	-0.3260587742484626	-0.3258202256499496	-0.08802239413950974	13034.029710535833	13917.666961322539	0.02785339755983737	2768370.5882009743	2788972.9165572645
136.0	2.0	3.0	1.0	-0.64	0.64	0.0	0.20235413135859956	0.20270516965663377	0.018877747768726305	-0.6073213482643771	0.6083097246113351	0.05800655527688159	8633.597866231867	11117.504171845212	0.07444615182099565	2794001.2697870918	2811957.678382845
137.0	2.0	3.0	1.0	-0.49	-0.49	0.0	0.1673778667041257	-0.14828470826270845	-0.04145575951745872	-0.5021983386595217	-0.44427147786382415	-0.12473349507789688	11850.401066010818	14234.332606909447	0.02837775739842286	2816985.4980978705	2837992.300320329
138.0	2.0	3.0	1.0	0.1	0.0	0.0	-0.018733242330613683	0.00014303334606191598	0.0021951689940071795	0.05616735771826868	0.00026725367032409686	0.006860169376162073	6466.884886256594	6617.967669662903	0.028064035661827334	2843020.6243764115	2855993.190848785
139.0	2.0	3.0	1.0	0.0	0.9	0.0	0.0063510500064268335	0.28855104681680155	0.04541344319862861	-0.018858934377846984	0.8655884019032603	0.13656076905571646	11100.539641280193	13217.378651825129	0.02617959250681601	2861025.6623168606	2881111.3685693783
140.0	2.0	3.0	1.0	0.64	-0.64	0.0	-0.1993893001150195	-0.2081701086410681	-0.05310101777642884	0.5979413154300526	-0.6244132181024874	-0.15994393224894776	14283.95495282166	16084.445946893538	0.026643317638328744	2886139.887724858	2909146.220614748
141.0	2.0	3.0	1.0	0.35	-0.35	0.0	-0.10160222961381689	-0.1118101864639599	-0.022092628366189526	0.30458010392644447	-0.3357218828540305	-0.06586589150735778	12250.578004743147	13251.015975540213	0.026719780269245173	2914175.1967039527	2934064.3091366366
142.0	2.0	3.0	1.0	-0.9	0.0	0.0	0.28852715829290454	0.010277326361360695	-0.030645969329043954	-0.8662612296237318	0.030799609810509887	-0.09216679331558231	6348.960612529481	7715.5118970549665	0.02716985223946797	2939093.027038223	2953432.023359419
143.0	2.0	3.0	1.0	-0.21	-0.21	0.0	0.06636473197390559	-0.05682028480934875	-0.018821100175181904	-0.19779942497882524	-0.1707198086166245	-0.05765350423348803	4333.4252306231065	5300.43118789763	0.027135092679861993	2958461.1938186716	2970234.919363778
144.0	2.0	3.0	1.0	0.0	0.3	0.0	0.006517138907077965	0.08612679497984133	0.01749017166428768	-0.018612707787637517	0.25815380002451793	0.053065616846834196	6950.462987275387	8050.784919512807	0.026786767290013537	2975278.206631774	2989867.662804063
145.0	2.0	3.0	1.0	0.0	0.3	0.0	0.008266598877887653	0.08904308526077265	0.01516694895884596	-0.02467031953937384	0.26725873287660706	0.045775509270678416	5215.837913616269	6016.212577385886	0.026349906759864625	2994912.392348895	3007354.92408993
146.0	2.0	3.0	1.0	0.5	0.0	0.0	-0.1530801255084776	-0.008535168898664014	-0.009479258411239533	0.45959643853472815	-0.025184706139552482	-0.029719533073041093	9550.38414523733	11950.821459620784	0.025749914959618925	3012397.5892278906	3031002.953841307
147.0	2.0	3.0	1.0	0.0	0.7	0.0	0.010642525137609044	0.22395457057189772	0.037587951476592885	-0.03322234635571868	0.6705042022256575	0.11335895628374981	6383.390003327804	8417.176842471235	0.026812610125840658	3036031.2789914096	3051154.0781972944
148.0	2.0	3.0	1.0	0.35	-0.35	0.0	-0.11114021587136685	-0.10839115820541712	-0.01781070878129265	0.3335177554348173	-0.32501162824839	-0.052608139161456346	13500.641457634629	15234.29613972985	0.02633383233319516	3056183.2205768223	3078005.7184179677
149.0	2.0	3.0	1.0	-0.7	0.0	0.0	0.2239308590000255	0.005454248492352209	-0.018964431219667954	-0.6700446362271731	0.01636274547705663	-0.056252414739342615	9183.573943766532	11950.593539768306	0.02657360284303113	3083052.169578208	3101690.7758464804
150.0	2.0	3.0	1.0	-0.35	-0.35	0.0	0.11727852638007073	-0.10107109299352357	-0.04030679179036456	-0.35167373277235087	-0.3024687856884082	-0.11968439459746127	11800.493182097853	13400.818761052506	0.025858375760163473	3106734.3646980226	3126958.3734472324
151.0	2.0	3.0	1.0	-0.07	0.07	0.0	0.010922152502242117	0.012139936364873316	0.0033129350731679885	-0.032831196053870915	0.03654928618890907	0.00865704738018147	7917.069993636687	8033.9338018602575	0.025980730947422842	3131990.693941196	3145992.750689962
152.0	2.0	3.0	1.0	-0.49	-0.49	0.0	0.15772263893769697	-0.14993940826411045	-0.03822123140277278	-0.4725205313416452	-0.4489118851323075	-0.1136108216974463	10185.079673487053	11984.15501175623	0.026050775522984224	3151038.151960187	3169777.438268364
153.0	2.0	3.0	1.0	-0.0	-0.7	0.0	0.0076209354517960196	-0.22181340786362969	-0.047801278705745576	-0.02328360691182762	-0.665213638675883	-0.1451433646134601	49.968419429205824	10834.199428783904	0.02579263371580944	3174825.313471854	3192528.5304603023
154.0	2.0	3.0	1.0	-0.35	0.35	0.0	0.1038927786775643	0.11624361596542043	0.012918361181315952	-0.311225166202681	0.3487955864434057	0.039258631266538835	16.52473642025143	12034.215693143778	0.026217583261947036	3197560.228459566	3216129.8519578488
155.0	2.0	3.0	1.0	-0.21	0.21	0.0	0.0597933464802238	0.05911450670667462	0.01258793011397219	-0.17980083999711113	0.17679324246929484	0.038084229801747194	5166.878176292812	5983.896459474636	0.024969094159908802	3221158.645346499	3233764.131030941
156.0	2.0	3.0	1.0	-0.35	0.35	0.0	0.11104513220922449	0.10502581115017573	0.016066175326466592	-0.3339446284669806	0.3143329401583643	0.0481069718480196	4985.226782075188	6367.416285946092	0.04928433780216354	3238798.1818924453	3251685.4144421667
157.0	2.0	3.0	1.0	-0.1	0.0	0.0	0.020762886417562094	0.0023960944751107993	-0.0018266330965359678	-0.06041124138549386	0.007317760519621852	-0.004701689172876389	7116.901004745159	7333.9211842176155	0.025839606078237147	3256728.2589986427	3270416.0780864405
158.0	2.0	3.0	1.0	0.1	0.0	0.0	-0.01935107681323929	0.0016041953028246292	-0.00019934386176689856	0.05827981535472408	0.004974432276335206	-0.00023181505977998285	9600.368974890443	9733.901200204855	0.025329174714340954	3275445.1438848916	3291467.4895120407
159.0	2.0	3.0	1.0	0.7	0.0	0.0	-0.22015903587086944	0.006683443602887529	-0.016203982604399148	0.6585996897454157	0.020503500638674677	-0.04861194781319744	8200.188754104602	9850.753703605733	0.024220607458367457	3296498.2926067896	3313068.673893002
160.0	2.0	3.0	1.0	0.0	0.1	0.0	0.0020345167415967806	0.01852395987130917	0.004234549477676319	-0.005391426206200176	0.0557013567082163	0.012520540170268601	8500.491577542562	8600.82226189843	0.024806708006999405	3318115.1688138563	3332686.4223949304
161.0	2.0	3.0	1.0	0.0	0.9	0.0	0.01112953596416489	0.2907701417881171	0.04309706263856983	-0.03526602575968709	0.8707567002328812	0.13148848706883376	6617.001654150954	9967.612771099084	0.02444201406181043	3337732.373590181	3354737.4899350614
162.0	2.0	3.0	1.0	-0.07	-0.07	0.0	0.02054429455517693	-0.007749549365452024	-0.002811517509450967	-0.06117971383551903	-0.02298969390777783	-0.008022558937142099	4249.997447295755	4466.949433153786	0.025507315213110827	3359767.5545694875	3370538.372221934
163.0	2.0	3.0	1.0	0.21	-0.21	0.0	-0.05890832306582248	-0.056907245941777096	-0.010315043869402851	0.17779315522535294	-0.170236198721747	-0.03012114442578695	6317.04672757769	8384.115700137045	0.024451785438993436	3375569.922529132	3390572.7906725733
164.0	2.0	3.0	1.0	0.21	0.21	0.0	-0.05819705359605454	0.06501433335540452	0.013387478446927226	0.17446168369387433	0.19407192185904532	0.03943000228974025	5668.428395969386	12167.475873313379	0.025380219043661535	3395598.4548127963	3414274.2324388674
165.0	2.0	3.0	1.0	0.21	-0.21	0.0	-0.06423577463973386	-0.054243923691769225	-0.00803857480705239	0.19361366357922544	-0.163443895093898	-0.024985488669268863	5200.22813865944	6867.3728900103015	0.024354018197102735	3419304.6515342505	3432658.692389159
166.0	2.0	3.0	1.0	0.07	-0.07	0.0	-0.01177734439411819	-0.015215625896583318	-0.001785702296159597	0.03552624882378825	-0.04480527657687017	-0.005357106888478791	8816.618967597606	8916.649891762063	0.02596759583041424	3437688.380317646	3452926.391003988
167.0	2.0	3.0	1.0	0.49	0.49	0.0	-0.15114184909106612	0.1542751343502169	0.031470487526082946	0.4533608087260538	0.4628901415977954	0.09363325246151732	12184.075367447804	13617.615032067988	0.02351001220668916	3457957.354189639	3478127.643505635
168.0	2.0	3.0	1.0	0.07	-0.07	0.0	-0.014855683890358089	-0.012686908033791355	-0.0003765377276090387	0.04382255837891174	-0.03725149226206714	1.4813459425111475e-05	5850.617681033327	6300.792942281987	0.025149784318106667	3483158.285050791	3495762.3255410288
169.0	2.0	3.0	1.0	0.0	0.1	0.0	0.005542914406518133	0.020757897233528833	0.006655631342363355	-0.017049543775993957	0.06133498276699012	0.020424664683990956	5165.644127031555	5232.644541298214	0.02398643171569672	3500792.4470642465	3511996.508267839
170.0	2.0	3.0	1.0	0.7	0.0	0.0	-0.22178118533076766	0.004387115544830289	-0.009076945143504211	0.6645990627001405	0.013258454455207458	-0.026177962919640585	6865.711810110952	8999.319887152524	0.02418967620950863	3517047.3938367576	3533180.556284904
171.0	2.0	3.0	1.0	0.0	0.5	0.0	-0.0015892191189172504	0.1538934962989006	0.02241827420492415	0.003634732781721859	0.4611949497931175	0.06766681620598325	5452.205024303112	6633.848760408	0.023494884466202536	3538211.110308832	3551531.679036336
172.0	2.0	3.0	1.0	0.0	0.9	0.0	0.001955600452627538	0.2877987460558532	0.03886817120653152	-0.007744219225075035	0.8635257152618484	0.1164671824225243	5100.298957913765	6983.927821245743	0.02410963782532129	3556562.7687630914	3570366.0848693326
173.0	2.0	3.0	1.0	-0.64	-0.64	0.0	0.21731872274886782	-0.19889414949513817	-0.06519899900785375	-0.6512764135015855	-0.5969737719475653	-0.19692453192857384	7499.788490371429	10200.338269525673	0.024457187030328262	3575396.9426648472	3592734.1156272087
174.0	2.0	3.0	1.0	0.49	-0.49	0.0	-0.15754040855929083	-0.15078514832810885	-0.026147048141929474	0.47148830110284234	-0.45161095169216403	-0.07821225909733798	7400.331194898172	8667.205286859826	0.024214935630991544	3597764.6805912955	3613351.883092066
175.0	2.0	3.0	1.0	0.49	0.49	0.0	-0.15238959395331175	0.15672781894733445	0.027673395895613462	0.45668324275635114	0.46956844064412995	0.08288285648977012	7433.549146080622	13851.041429625184	0.02414620461899343	3618382.618722542	3639003.1416472704
176.0	2.0	3.0	1.0	-0.1	0.0	0.0	0.016418437891203296	0.004876495802207725	-0.0002716594183149734	-0.048866882390742356	0.01424105612375548	-0.00021987640097376193	6750.126541104692	6950.520240745391	0.024386825957287233	3644033.4786914974	3656954.2807359975
177.0	2.0	3.0	1.0	0.0	0.7	0.0	0.004394940277228679	0.220272669284716	0.029025357442905353	-0.01302297446382472	0.6589729592605281	0.0868929640659557	7583.855178629165	9767.663971011643	0.02464859832546578	3661986.0071796575	3678488.934035253
178.0	2.0	3.0	1.0	0.9	0.0	0.0	-0.28627077823434	0.008009034410117688	-0.016603823910548154	0.8581325799580022	0.024642119428226472	-0.04939947814043366	12134.29402463953	17034.73717376619	0.024340375528629367	3683535.9741403954	3707473.7848407384
179.0	2.0	3.0	1.0	0.5	0.0	0.0	-0.1617985908136279	-0.006085915444550394	-0.015826523231503797	0.48380967803584174	-0.018031161418645136	-0.04670135957777988	12665.065757610137	13582.14122132631	0.024548819161104234	3712504.5270353076	3732691.6846085223
180.0	2.0	3.0	1.0	-0.21	0.21	0.0	0.05818072653446525	0.06378165531102764	0.00682890058781882	-0.1750600879805524	0.19102127319735995	0.020898695354667263	7967.001581222576	8784.686119717662	0.024968446842090347	3737724.5604975903	3753094.620289172
181.0	2.0	3.0	1.0	0.0	0.9	0.0	0.0026441639559603956	0.2895526384591859	0.04433345235402819	-0.007511691311441627	0.8683665919154072	0.13437366903278725	11183.868598549452	13217.55551762908	0.024143372284391222	3758142.8215092164	3778077.4475310245
182.0	2.0	3.0	1.0	0.64	0.64	0.0	-0.20659912421293164	0.20185910589990097	0.024481873808193777	0.6200239575538007	0.6061923338975767	0.07285051957061017	5633.481900615152	7900.509154722386	0.02447813175666205	3783107.7805638704	3797711.948689226
183.0	2.0	3.0	1.0	0.35	-0.35	0.0	-0.10575497867027432	-0.1128093655164969	-0.022019720759615558	0.3168765047279556	-0.33816914236091244	-0.06496051270228453	5366.961904932396	6317.339923683903	0.024671751812181238	3802742.8239889853	3815629.708277178
184.0	2.0	3.0	1.0	0.64	-0.64	0.0	-0.20275883359631575	-0.2044080265053133	-0.05470552834332887	0.6075967460439293	-0.612350109129488	-0.1644370244898179	7466.916977369692	9050.6383214597	0.024046729324451156	3820663.9556967565	3836630.754520469
185.0	2.0	3.0	1.0	-0.07	0.07	0.0	0.008439981654850093	0.01724298255485801	0.006673057145329064	-0.02557889915312869	0.05127577783456194	0.019561400779086302	6099.456566131266	6249.589744264085	0.023581652255228912	3841661.7673014915	3853881.855099862
186.0	2.0	3.0	1.0	0.49	-0.49	0.0	-0.16300832120099026	-0.14808956470210644	-0.02498457312854696	0.48850705522581417	-0.44433343265346403	-0.07376351567769857	6534.970563690877	7885.848620375327	0.023993752975696874	3858929.811989823	3873623.9019733113
187.0	2.0	3.0	1.0	-0.0	-0.1	0.0	-0.0028652590421681372	-0.01999138420353508	-0.0022768169677409578	0.007916022381486443	-0.060265476072755675	-0.007562883954264299	4616.7536773500615	4767.0378295879345	0.024005500397257226	3878665.897573912	3889750.5065290825
188.0	2.0	3.0	1.0	-0.3	0.0	0.0	0.08496788003608076	0.003555005102959141	-0.006718913557326234	-0.25483890156109773	0.01053553821458797	-0.020889173723020127	6066.6401185590075	7033.653004604275	0.024155930181009175	3894798.116616199	3908284.8761137067
189.0	2.0	3.0	1.0	-0.5	0.0	0.0	0.15149783341410522	0.0014035748611234133	-0.021640051880379207	-0.45549694772305643	0.00508469496982189	-0.06395883726164575	10250.336592042004	11617.450929770712	0.02437339612530064	3913332.3676824947	3931419.3429927616
190.0	2.0	3.0	1.0	-0.3	0.0	0.0	0.08756676153626498	0.003106979829495815	-0.008775713740432067	-0.262376591873072	0.009061985299909203	-0.027105351338027717	4116.518828734115	5066.91508107906	0.024485388669989155	3936451.6073272754	3947954.287664761
191.0	2.0	3.0	1.0	0.7	0.0	0.0	-0.2187055562217014	-0.0003112154597332273	-0.012800659189450725	0.6556634988350922	-0.001192600567778257	-0.037898429845761195	5533.52464013733	7367.336422830704	0.023633146754659502	3953002.418138487	3967104.5962500065
192.0	2.0	3.0	1.0	0.5	0.0	0.0	-0.15398842890443165	0.007824585657503214	-0.00949936369851101	0.46102657777969874	0.022081878208901173	-0.028681199358293386	5216.791165606992	6667.236648638209	0.024688099080997627	3972135.90295647	3985488.856360171
193.0	2.0	3.0	1.0	-0.64	-0.64	0.0	0.20360031386390764	-0.2024573591299731	-0.06872036011266058	-0.6097651248374099	-0.6069836461070519	-0.20538287022125024	6549.965137382969	9600.533441865991	0.02464164960501392	3990543.951335283	4007156.999582818
194.0	2.0	3.0	1.0	-0.49	0.49	0.0	0.15188212142995552	0.1554254433831077	0.01842052033288999	-0.45600242629916155	0.4667618692529074	0.05581088578695104	2633.43814000109	7767.670899782388	0.024301952615603896	4012188.160785241	4026707.9077613815
195.0	2.0	3.0	1.0	0.0	0.7	0.0	0.0016729605876008788	0.21796792521553565	0.028480476081722994	-0.005763375054964999	0.6532887594487339	0.08516676585102845	5466.841854984523	8333.91097340791	0.024463778926824647	4031754.7407329623	4046892.385361782
196.0	2.0	3.0	1.0	0.07	-0.07	0.0	-0.01450995415318715	-0.01028838802111387	-0.0015047226670235059	0.04382118592171206	-0.031027010431202928	-0.0026830853734669535	6650.442784462939	6800.609147721843	0.0243931270524866	4051931.4745284063	4065010.081715649
197.0	2.0	3.0	1.0	0.9	0.0	0.0	-0.27916529972671555	0.0017660287229743776	-0.018919740596379908	0.839470424868056	0.005395193989639724	-0.05607256580378839	5050.271461659577	8383.983324289147	0.023695485059664668	4070043.6639739345	4085594.3442326463
198.0	2.0	3.0	1.0	-0.0	-0.9	0.0	-0.0017065685253744647	-0.2867256960051269	-0.05288838025455822	0.005637613953279878	-0.8601770880153806	-0.15875669489505484	5300.3786751651205	10267.48345849046	0.02453711732533297	4090628.7251220928	4107945.733194465
199.0	2.0	3.0	1.0	-0.7	0.0	0.0	0.21571693140409506	-0.004719409875517777	-0.02752099488798332	-0.6484779344287488	-0.013543213428680256	-0.08192210574428871	16.81537980766734	6150.80125680106	0.023956573802890017	4112977.6073301984	4126213.416128412
200.0	2.0	3.0	1.0	-0.9	0.0	0.0	0.2851844654132547	0.00366386081203407	-0.04307309376642632	-0.8560713046169206	0.010732628247523968	-0.12963127489048976	4116.877665750508	6133.81083454442	0.02495719838591254	4131261.5250864984	4144164.593143003
