TN	hand	digit	Corr	TargetX	TargetY	EnsPercent	RawX	RawY	RawZ	ForceX	ForceY	ForceZ	RT	MT	EnsForce	measStartTime	measEndTime
1.0	2.0	4.0	1.0	-0.21	-0.21	0.0	0.0622783226646585	-0.05522246841137057	0.028036145571052606	-0.1865760138053971	-0.16547318959267787	0.08296401007090559	33.126418573374394	9584.356237637621	0.0020148940966011495	0.11596562035265379	16311.828639278247
2.0	2.0	4.0	1.0	0.21	0.21	0.0	-0.060761058282940636	0.05775304642841528	-0.016552492561225596	0.1824450212166832	0.17348572420025188	-0.050847681391619104	16.583448568781023	10284.632512968528	0.001926891070437421	21362.302493771494	38713.2724477342
3.0	2.0	4.0	1.0	-0.1	0.0	0.0	0.018749798135070137	-0.007227735095954202	0.003974035248340502	-0.05621702513163822	-0.021391881825711834	0.011464335088120614	50.124134269935894	5784.352445050899	0.0011367529212618762	43763.57454182653	55830.84262516968
4.0	2.0	4.0	1.0	0.21	-0.21	0.0	-0.06349122524083076	-0.05617264469961669	0.0096279484245263	0.1911534304675104	-0.1670613167880972	0.029707832456000505	16.669875778461574	12085.006082725158	0.0017678206211324975	60880.66590523158	79798.9582786322
5.0	2.0	4.0	1.0	-0.9	0.0	0.0	0.289902053977645	-0.010770051443676487	0.041879526970326375	-0.868540868084333	-0.03146855321815001	0.12504347905700797	16.5870952878322	8834.5126818258	0.002325688089751833	84848.44970738777	101366.6183841251
6.0	2.0	4.0	1.0	0.9	0.0	0.0	-0.28677694735494785	0.0036260448686945557	-0.025384567025266036	0.8596187180462532	0.01171973571896312	-0.07624525520717829	16.61225763928087	11584.790197039183	0.004840861315323721	106416.45770974355	127351.58697859151
7.0	2.0	4.0	1.0	-0.49	-0.49	0.0	0.1564721664246647	-0.14901031516272045	0.0672170656900537	-0.4701286232925843	-0.44651303711100454	0.20265829251534306	16.722023841793998	9117.797732616964	0.002900036244566654	132401.73153448087	150152.60127664258
8.0	2.0	4.0	1.0	-0.35	0.35	0.0	0.1077189562909024	0.10256405020874237	-0.00697352559702813	-0.32412794707987563	0.3074979349847933	-0.020142366674352874	16.412782182669616	13118.08181192282	0.0034256107746750693	155203.53571157646	175754.23201584636
9.0	2.0	4.0	1.0	-0.3	0.0	0.0	0.08782284996515596	-0.008783013952560537	0.0066072846570326416	-0.26405119681976896	-0.026802211687693367	0.01954719157695739	16.337659799319226	12617.992102668723	0.0043437074565443245	180803.75298301442	200488.63682776393
10.0	2.0	4.0	1.0	-0.7	0.0	0.0	0.21816918872680266	0.002154697380512549	0.030098646524745587	-0.6551225823782814	0.006949631245121934	0.09079948729682774	16.689932725057588	10701.284228092845	0.0035421842790486716	205523.22995618125	223790.34035545192
11.0	2.0	4.0	1.0	-0.0	-0.7	0.0	-0.0015021544048143113	-0.2193327605300529	0.04673229877165197	0.0036001235544190035	-0.6579982815901587	0.14033422751202618	16.80699236203509	15451.751737296945	0.0031945644589774004	228840.44844416348	252024.9570416654
12.0	2.0	4.0	1.0	-0.1	0.0	0.0	0.01906787156490078	-0.0019285656353407177	0.002592391851692466	-0.056264905761106127	-0.005235419255293472	0.007502513160936863	16.746821520428057	5250.720591409845	0.0022039708967974245	257051.43549394052	268625.8766709252
13.0	2.0	4.0	1.0	0.0	0.1	0.0	0.00055820596480244	0.017064912707085544	-0.0010966536965065776	-0.002224895545136334	0.05135658448911795	-0.00342729228659	16.790946805485873	14268.099024431649	0.003995004851494358	273675.8232100456	293910.490220962
14.0	2.0	4.0	1.0	-0.64	-0.64	0.0	0.2135392000485049	-0.1980256516738681	0.07418312657357051	-0.6412649856169604	-0.5941416935687487	0.22131339894707913	16.56375629499962	10834.868236797774	0.0033732789516521294	298944.76061486604	317528.50383926305
15.0	2.0	4.0	1.0	-0.9	0.0	0.0	0.2875391746931249	-0.008052957356404433	0.02786393224992556	-0.8620996157022183	-0.02428834916350242	0.08523977111461989	16.734058008296415	12301.144121198377	0.0036309484571926095	322579.12976188347	342896.63451720297
16.0	2.0	4.0	1.0	0.64	0.64	0.0	-0.2002672929232006	0.20399638861124025	-0.03760059815367223	0.5997336927417165	0.6118273194658591	-0.11321378805222748	16.773442559497198	16035.069389743512	0.015139242094251881	347930.33784651017	371198.3887342685
17.0	2.0	4.0	1.0	0.1	0.0	0.0	-0.019825631943324797	-0.0011606974117573943	-0.003142784771517304	0.05983295783926972	-0.003708677150278228	-0.008650144197820397	16.443049938970944	10217.63975680733	0.01583943214981478	376248.37538728025	392915.83047430683
18.0	2.0	4.0	1.0	-0.0	-0.9	0.0	0.005059986424335176	-0.2856429783313601	0.1066975204089079	-0.014176511792264757	-0.8561197031547734	0.3205045548179345	16.499938736160402	17368.116455740164	0.016483817532287788	397966.9851709878	422884.42165975174
19.0	2.0	4.0	1.0	-0.64	0.64	0.0	0.20733745439540618	0.2005323368511115	-0.002196066224192883	-0.6212031313469113	0.601240948544039	-0.0076868482491407875	16.64836014424509	9567.713347569224	0.015216397578217617	427918.98926114483	444869.01828901866
20.0	2.0	4.0	1.0	0.07	0.07	0.0	-0.012617491047638641	0.014578154054648573	-0.005292603952118169	0.03872644352936758	0.04324892306036143	-0.016335582513255398	16.654559563903604	5884.158731409116	0.016544604937592734	449921.0766423348	461786.5375582733
21.0	2.0	4.0	1.0	0.64	0.64	0.0	-0.20289230290101226	0.20083560241725384	-0.047919566643830014	0.6077381997694404	0.6029923463553458	-0.1435298146030396	16.673157824698137	12951.576694849791	0.015958453965808087	466837.95372461097	487237.9545268887
22.0	2.0	4.0	1.0	0.49	0.49	0.0	-0.15040525821755868	0.15601283348495987	-0.031145281147536008	0.45076260482266395	0.468103239002024	-0.09343584344260802	16.659300297760637	10501.345638816929	0.015142234083912146	492289.65768990567	510139.7958275702
23.0	2.0	4.0	1.0	-0.0	-0.3	0.0	-0.0012511414780189984	-0.08376347547319862	0.01808490119778705	0.003138408236183587	-0.251970181164614	0.05507869077578276	16.614445670711575	8484.459512681497	0.01523238012787509	515190.2058645046	530623.506669117
24.0	2.0	4.0	1.0	-0.64	0.64	0.0	0.20827576195001013	0.20164439403444656	0.0061141557945805225	-0.6246654394821687	0.6044476429997554	0.019074900434782993	16.824131935209152	12868.031122547109	0.016214466351806917	535675.9829362782	556225.0980237696
25.0	2.0	4.0	1.0	0.0	0.7	0.0	0.004474417633606386	0.21842277393187115	-0.02455996948197725	-0.013067190891523991	0.6555596452577639	-0.07331369192041104	16.754479627707042	9534.7090940395	0.01638745734242165	561276.7756597641	578141.204554604
26.0	2.0	4.0	1.0	0.7	0.0	0.0	-0.21958877990449188	-0.0018069693801855413	-0.005166533913180005	0.6581189542420298	-0.005485646687701351	-0.014263620965907609	16.550263439057744	8434.08266087863	0.01616687588807472	583172.3529935171	599310.8345440433
27.0	2.0	4.0	1.0	-0.64	-0.64	0.0	0.20190504868886403	-0.20466745975912892	0.08928987563896174	-0.6051648684158633	-0.6148763496638384	0.26645053788049244	16.487904567838996	10434.419252918815	0.016756383287663403	604361.8047168093	621962.0256349663
28.0	2.0	4.0	1.0	0.07	0.07	0.0	-0.01174312359809778	0.015895281375830406	-0.0021448752574897423	0.03309299873852251	0.04716793575033473	-0.005290199130216999	16.443414611785556	6884.256098770493	0.0162036070406981	626998.4410281995	639862.8845099101
29.0	2.0	4.0	1.0	-0.9	0.0	0.0	0.2887462076410229	-0.008815909766307306	0.025515281910424403	-0.8659472994609181	-0.02583271310104851	0.07650006866558312	16.78620607162884	18585.231085204214	0.05291883436975388	644898.4411011334	670898.113990559
30.0	2.0	4.0	1.0	-0.35	0.35	0.0	0.11069563900451297	0.10216927886416649	-0.000915931944760584	-0.33221639410782805	0.3050188500081744	-0.004624655527575405	16.559744904952822	10201.046826772654	0.02064670969385432	675949.9185323275	693566.1955836785
31.0	2.0	4.0	1.0	-0.64	-0.64	0.0	0.2029681894259753	-0.2013579863859698	0.08417564354926288	-0.608807460457209	-0.6035884200543251	0.25376291142142104	16.60970493685454	8467.224760337558	0.019962323749865948	698617.7105760635	714483.9413141017
32.0	2.0	4.0	1.0	-0.0	-0.9	0.0	-0.0043092221249057625	-0.2840769485600204	0.07079354848557029	0.012053695988265637	-0.8531048160665129	0.211419327077219	16.48717522402876	9734.408458634789	0.019234695502117077	719536.8519053373	737318.4467024913
33.0	2.0	4.0	1.0	-0.0	-0.1	0.0	0.003975412912216012	-0.016519766665189617	0.005812765697755906	-0.011117006897340947	-0.050044839099152805	0.01629387045101549	16.859140425367514	4734.956195627092	0.019968106449131953	742369.5372169404	753502.8451691197
34.0	2.0	4.0	1.0	0.35	-0.35	0.0	-0.11469060727386943	-0.1002689737625978	0.02437727016102209	0.3443955145573311	-0.3006127056463599	0.07281137102323565	16.704884266800946	9001.250459486982	0.020266734096656643	758555.9647172777	774803.8208119633
35.0	2.0	4.0	1.0	0.0	0.3	0.0	0.004339761455545637	0.08546183083489367	-0.018659171435081223	-0.012727960904486305	0.2570005087025541	-0.05455842526885091	16.49519800230337	9534.472422063118	0.019643607937797056	779840.4280225459	795938.2599759611
36.0	2.0	4.0	1.0	0.07	0.07	0.0	-0.011238439148171282	0.01432360208728134	-0.004484553292081972	0.033747686718086374	0.04371529955400655	-0.012492341496754045	16.563026951189386	6367.78059304379	0.02002250269115903	800991.5895750546	813339.4641950672
37.0	2.0	4.0	1.0	-0.07	-0.07	0.0	0.010003689470289302	-0.01287401538274524	0.0035171862364034023	-0.030270022599446313	-0.03913995452539254	0.01091777523473092	16.621739105175948	5284.5960457907495	0.019943825754291995	818392.7569623138	830073.778568385
38.0	2.0	4.0	1.0	0.07	-0.07	0.0	-0.010847323373548934	-0.013480930630418775	0.0024347112230490575	0.033318832686381694	-0.04024857624982281	0.007578796063287707	16.636325975923683	6951.247031573075	0.019683626528124585	835128.441407458	848441.1583871588
39.0	2.0	4.0	1.0	-0.0	-0.3	0.0	-0.004902607016226706	-0.08600074039673855	0.026378014801309302	0.014028066303661983	-0.257840374822354	0.0791340444039279	16.71691843694134	4532.849632701982	0.019190204507203875	853478.505516754	864557.4037120659
40.0	2.0	4.0	1.0	-0.35	-0.35	0.0	0.11126394849857298	-0.10375862746016651	0.038106678873926936	-0.3349571393443212	-0.3119880063990895	0.1134960494393592	16.761773063990404	6250.493036228363	0.020422972608738706	869579.9313104253	882842.3622415939
41.0	2.0	4.0	1.0	0.49	0.49	0.0	-0.15540259499187042	0.14966344510125185	-0.03758350194547433	0.4654632916834486	0.4505116911616531	-0.11471891966109682	16.775995261923526	11834.38212933288	0.020055825430102144	887897.4087153638	907109.6392958625
42.0	2.0	4.0	1.0	0.0	0.9	0.0	0.0033814712693897198	0.2853725783676483	-0.03220480659186442	-0.009561766883868115	0.8560529965558005	-0.09505799954213023	16.437944535937277	16185.004915776517	0.019753716468305888	912144.4421105443	935778.8798158545
43.0	2.0	4.0	1.0	0.9	0.0	0.0	-0.2874197838644808	0.005621770272848159	-0.022543270008352545	0.8616767046691411	0.015441062781364145	-0.06854535133885942	16.771619200881105	13484.84861745601	0.022113177745629143	940814.308407289	962197.5620233734
44.0	2.0	4.0	1.0	-0.07	0.07	0.0	0.013802737316470848	0.010972963629949817	-0.002403765926566548	-0.04166716613799079	0.03253045960698242	-0.007669068436600535	17.1246214704297	9301.527755897041	0.020053518768533694	967250.8241581909	982531.8883579257
45.0	2.0	4.0	1.0	0.1	0.0	0.0	-0.017558060747910897	0.00016986531590601484	-0.0028897657739618277	0.05192968895157016	0.002354644541338269	-0.008669297321885483	16.705248939615558	6668.050960692199	0.02019710779537482	987584.8839176833	1000583.9087853801
46.0	2.0	4.0	1.0	0.0	0.3	0.0	0.004216952431612366	0.08356244933660972	-0.014165120927686847	-0.01216531819125281	0.2505902401891119	-0.04203759212615932	16.777089276729384	8534.63543034195	0.020393955898237132	1005635.877794115	1021000.9707562422
47.0	2.0	4.0	1.0	-0.21	0.21	0.0	0.0656227980123067	0.05511498947540794	-0.0087630426488855	-0.1981307957062391	0.16427678239833865	-0.025053147173024093	16.645442770823138	10534.834541125747	0.020384389750581516	1026055.0220407604	1043635.3435499768
48.0	2.0	4.0	1.0	-0.5	0.0	0.0	0.1527243095056621	-0.0009803142398889797	0.014331828793841539	-0.4585937290734259	-0.002779096351805288	0.04166795147651203	16.663311685988447	9651.09554692026	0.10431981890009444	1048675.3429373293	1065736.554187306
49.0	2.0	4.0	1.0	0.0	0.9	0.0	0.0037951851128687044	0.28409082418863685	-0.021811984435721632	-0.013004019017220293	0.851301394358742	-0.06635149462096668	16.399653999542352	12534.730974344711	0.023786060916971163	1070791.1831119035	1091271.535326483
50.0	2.0	4.0	3.0	-0.64	0.64	0.0	0.004967708099235436	0.0009844747705285428	-0.0033451926450630554	-0.013673091901959658	0.0024355159344291444	-0.010996896314681037	16.652006861477275	0.0	0.024072094586278975	1096325.7561833742	1126340.0520459544
51.0	2.0	4.0	1.0	0.49	0.49	0.0	-0.15532090357718023	0.14972114872627618	-0.024899971007784183	0.4664806191086972	0.44871027634881644	-0.07392170290662103	16.61772771512915	13751.533809449029	0.023802150950635873	1131395.0620525465	1152191.0745126517
52.0	2.0	4.0	1.0	0.9	0.0	0.0	-0.28894482118775894	0.009418388265562516	-0.010279777218229036	0.8650217842432291	0.02896728881527788	-0.031068216983137553	16.52583042960032	11818.44451446159	0.0244986203577499	1157246.369692566	1177159.3856301825
53.0	2.0	4.0	1.0	0.0	0.9	0.0	0.006551389914420505	0.2871017276982728	-0.029835251392355766	-0.020333924488279316	0.8614670294626797	-0.09019241016241863	16.674251837685006	11484.89711880029	0.022093291410874447	1182210.3207944583	1201244.0044314917
54.0	2.0	4.0	1.0	0.21	-0.21	0.0	-0.06010368581162191	-0.05704832849960928	0.01112372930500316	0.18092607363273916	-0.17111261622525564	0.03277608606103832	16.586365944021964	10751.170596369775	0.0235944344508623	1206281.2447122596	1224245.3858081407
55.0	2.0	4.0	1.0	-0.1	0.0	0.0	0.016873390189213317	-0.0017765854220544997	0.000424115358242827	-0.05094386330336276	-0.00545923336045262	8.214236678616427e-05	16.512702246473054	9184.565850968283	0.022700944859365375	1229300.934070261	1244846.3681609447
56.0	2.0	4.0	1.0	0.07	0.07	0.0	-0.012890661821169727	0.015998586833463113	-0.005431735713720576	0.03747432234133456	0.047186528661082416	-0.017805850308934668	16.762137734986027	7834.518151901648	0.023478351696826456	1249901.9973801968	1263714.1983493492
57.0	2.0	4.0	1.0	-0.5	0.0	0.0	0.15443242744026534	-0.010391948117023708	0.015284199282866617	-0.46294122031150087	-0.03120821362464332	0.04699702449085208	16.70816631303751	10251.34016874108	0.022718636897011812	1268769.2823843118	1286399.5230822638
58.0	2.0	4.0	1.0	0.0	0.5	0.0	0.0037965057792305585	0.15141011268273152	-0.020305931181772485	-0.010547916224812222	0.4549424620667849	-0.060505799954106654	16.678263229550794	9218.01536872772	0.022670999448076455	1291454.4503083653	1308099.8876081612
59.0	2.0	4.0	1.0	0.1	0.0	0.0	-0.01860160296884974	-0.0010077979111005053	-0.002844953078472545	0.054801361425808444	-0.002278900441138987	-0.008901075760938348	17.12571548705455	10601.485235169093	0.02321836586705807	1313155.0143097192	1330317.7308518153
60.0	2.0	4.0	1.0	0.49	-0.49	0.0	-0.1648049324136368	-0.14758113836414277	0.038948976882605124	0.49525639835378976	-0.4423549838095606	0.11561094987418297	16.755208971517277	13735.477311582144	0.022840285720457737	1335372.6690180702	1356552.7566997497
61.0	2.0	4.0	1.0	-0.21	0.21	0.0	0.06195970974693505	0.056159766044646786	-0.008458924238933019	-0.1865265147122511	0.16679609590818145	-0.024461231402997274	16.960883847787045	12468.318410965367	0.022219621017524734	1361606.7011354407	1380953.9554487802
62.0	2.0	4.0	1.0	0.5	0.0	0.0	-0.1507871552230674	0.00019361573090448392	-0.016482227817154693	0.45281463549921414	0.00012767736270136165	-0.0485311421376623	16.619551073745242	13051.305670791407	0.021972491397761078	1386009.145967897	1406505.447831516
63.0	2.0	4.0	1.0	-0.9	0.0	0.0	0.28760215666769046	-0.009106706688271515	0.035647443350906305	-0.8631625320123666	-0.02825882899841059	0.10813253376066123	16.56193293456454	11001.421125871275	0.08474306629256066	1411553.3423626057	1430340.33831329
64.0	2.0	4.0	1.0	0.64	0.64	0.0	-0.1996784224665671	0.20828556768195838	-0.04237631189437174	0.5970931109853646	0.6236914091972734	-0.12570984664672247	16.465659589812276	10917.827416898945	0.024212468570576802	1435396.2483298038	1454024.499743271
65.0	2.0	4.0	1.0	-0.0	-0.5	0.0	-0.005469755532341178	-0.1526907706223316	0.04643171435113336	0.016441635870595897	-0.457392557121977	0.14016490730151177	33.285050791164394	7984.227946109968	0.02329754265458325	1459057.632361264	1474425.884110229
66.0	2.0	4.0	1.0	0.0	0.3	0.0	0.0058076130621796725	0.08537209026084314	-0.016248496223369213	-0.016257545337936927	0.25689313334826414	-0.04773839322492568	16.53604124112462	8784.548273790278	0.023690467757758453	1479466.02170818	1495260.2673335788
67.0	2.0	4.0	1.0	-0.35	-0.35	0.0	0.11454940818664429	-0.10120262445770933	0.05065453879609205	-0.3429361005413426	-0.3037373504674171	0.1530164888991482	866.5771762152872	10534.500501787988	0.023904503862441924	1500299.7583684865	1518078.0780485093
68.0	2.0	4.0	1.0	-0.07	0.07	0.0	0.01691278143719917	0.009884186428165909	-0.0006234042877645285	-0.049605419736567624	0.02942597436949168	-0.003472410162446704	16.62465648041689	8901.121803288333	0.024083749008016898	1523135.6998342925	1538396.1578912039
69.0	2.0	4.0	1.0	-0.7	0.0	0.0	0.21878978107153702	0.0009445354028407849	0.028223593499695276	-0.6568872515917676	0.0032220374913897176	0.08494544289322636	16.43575650450657	8551.129899000443	0.022946235114157918	1543450.7649354965	1558947.1204058644
70.0	2.0	4.0	1.0	0.21	0.21	0.0	-0.0577341686680679	0.06004082899824992	-0.008497962920536062	0.17284644399490853	0.18086698028691228	-0.024441016250736136	16.483893177792197	10951.279122687993	0.02285854553596764	1564003.001248635	1582198.247606295
71.0	2.0	4.0	1.0	0.3	0.0	0.0	-0.08482392740264967	0.003515540484627322	-0.011279884031403897	0.25521627550011156	0.010061082350297679	-0.03544184939336481	16.740986771765165	11651.472982197447	0.023636693093252902	1587255.3654156963	1606116.303307719
72.0	2.0	4.0	1.0	-0.3	0.0	0.0	0.08473701374515681	-0.0025396629931531134	0.00535218738081944	-0.2550526423483499	-0.008266374450904945	0.01596500801107814	16.558650890146964	11251.421490545908	0.02366984604225304	1611156.2334074334	1629067.003696313
73.0	2.0	4.0	3.0	-0.64	0.64	0.0	0.007356746072705201	0.004112075985244545	-0.004513087663031601	-0.022264453859549286	0.011818319578577152	-0.012989938200813733	16.906183082028292	0.0	0.02245973714183742	1634108.6266023668	1664086.2514368054
74.0	2.0	4.0	1.0	-0.64	-0.64	0.0	0.21360460324473368	-0.19713854367824712	0.08169752346080006	-0.6399722086213218	-0.5916098466761749	0.2458707804991317	16.675710525305476	9434.544700005063	0.02176376896325712	1669143.0315601537	1685854.212615308
75.0	2.0	4.0	1.0	0.0	0.5	0.0	0.0034246691439478246	0.1510212454936447	-0.02044925001900222	-0.010662438714710837	0.4535169063109462	-0.061851297779597636	16.73332866630517	11484.743956658349	0.02273333664263953	1690912.0838365816	1709622.1187283737
76.0	2.0	4.0	1.0	0.7	0.0	0.0	-0.21892243467053907	0.0014066218887509585	-0.019310957503564152	0.6550841017858584	0.004543558401975845	-0.05825331197052308	16.638149336358765	9984.6564354375	0.023190193665523835	1714679.4243437361	1732240.1009849054
77.0	2.0	4.0	1.0	-0.0	-0.1	0.0	0.0005724096020461764	-0.01941666127739594	0.004975374990502712	-0.002299875730439574	-0.05831472237933255	0.01584166628530992	16.81537981130532	4934.435298473545	0.022794775921513893	1737296.1185795902	1748624.258986969
78.0	2.0	4.0	1.0	-0.49	-0.49	0.0	0.15805495916380252	-0.14745547221233346	0.04389515831237478	-0.47397066184997383	-0.4420427239012774	0.13324189517058738	16.538958614546573	10701.307931758492	0.02319073859218389	1753681.6411834043	1771742.1905541269
79.0	2.0	4.0	1.0	-0.7	0.0	0.0	0.2189031555311997	-0.0019988716975363197	0.025447019150082517	-0.6568389436878883	-0.006385046375476322	0.0757459555962764	16.184862332011107	13467.938422985753	0.02268214097976186	1776798.8054811612	1797577.4092404898
80.0	2.0	4.0	1.0	-0.0	-0.9	0.0	-0.0016344843110807472	-0.28627483086738836	0.07339433890288394	0.004288436735368833	-0.8587921233285926	0.219771023117441	16.57068505664938	9801.331197813852	0.022700899801038642	1802633.4457981065	1820894.8286626183
81.0	2.0	4.0	1.0	0.21	-0.21	0.0	-0.06031905801026252	-0.05739800297226172	0.012916682688665748	0.1810866511250767	-0.17284139438823043	0.03705629663546395	16.824861279019387	10351.283207011875	0.022906967299961757	1825951.9701756835	1843479.3325923202
82.0	2.0	4.0	1.0	0.49	0.49	0.0	-0.15122581067080967	0.15454792532427364	-0.036635263599564594	0.4545190331253083	0.46293165195423025	-0.10990579079869378	16.536770584934857	15451.436296218162	0.02243939075301991	1848537.3434828762	1871380.9674887815
83.0	2.0	4.0	1.0	0.07	-0.07	0.0	-0.012293781048303008	-0.010939623278164223	0.00010376745255669118	0.03694608169205375	-0.03281886983449267	-0.0007873472188920649	16.550628108234378	11001.438994790078	0.022613752827270982	1876439.4787090023	1893882.2653555982
84.0	2.0	4.0	1.0	-0.1	0.0	0.0	0.018235696384485894	-0.003983945452729065	0.001390011444317163	-0.05477182770060224	-0.012081313452476317	0.0031629388877695286	16.51197290266282	6434.518808309804	0.023759647327172468	1898939.3766009088	1911716.5318839797
85.0	2.0	4.0	1.0	-0.21	-0.21	0.0	0.060151458543511865	-0.05831788162044438	0.022981136797164403	-0.1802925292626741	-0.17505075268205006	0.06834830853752205	16.465659587993287	8318.022224557353	0.022071926698803698	1916773.991755501	1931900.967547128
86.0	2.0	4.0	1.0	-0.0	-0.1	0.0	0.007951585423385194	-0.0202870494642432	0.0049753261616163336	-0.0233368478929991	-0.060084285826994877	0.015383749141749892	16.61371632508235	7834.43683009682	0.02278435349544426	1936958.104319463	1951168.9196088372
87.0	2.0	4.0	1.0	0.07	-0.07	0.0	-0.014565624987828596	-0.012480991978936262	0.002250772869462514	0.04363213641634123	-0.0369898061067967	0.006798095674077631	16.714730405510636	9851.293782492576	0.02285611336018051	1956226.971342632	1972553.273804315
88.0	2.0	4.0	1.0	0.35	0.35	0.0	-0.10499954887954752	0.10692406188183612	-0.020989358358127763	0.31444836898791373	0.3211929862019479	-0.06305962920576347	16.5178076531447	9917.560477166262	0.023565804313354408	1977594.9295308273	1994237.7889659074
89.0	2.0	4.0	1.0	-0.0	-0.3	0.0	-0.005758157128064052	-0.08458047162225646	0.017312355230025056	0.01678893228060787	-0.254939077988944	0.053585040054918376	16.589647992077516	8567.766224976367	0.022986642854707938	1999279.9140249845	2014688.8733538727
90.0	2.0	4.0	1.0	0.0	0.1	0.0	0.009714157107943247	0.020324330235595656	-0.004138387121370823	-0.029757487521703152	0.06048745160320268	-0.01246093842980256	17.209954665304394	8668.328475905582	0.023041156628373468	2019746.4364275	2034823.3300221146
91.0	2.0	4.0	1.0	-0.21	-0.21	0.0	0.05978967796255221	-0.06138068386536666	0.023454483863606268	-0.17923955679336767	-0.18407731304895558	0.06903591668580622	16.612986983091105	9167.864248749538	0.022198861500101863	2039880.8413123516	2055740.6352290418
92.0	2.0	4.0	1.0	0.64	-0.64	0.0	-0.20860660613724064	-0.1982579508446336	0.036460108339060215	0.626629050251029	-0.5957773000146416	0.10855633783475904	16.611163620837033	12700.148275540414	0.022552697144683973	2060782.9874786295	2081009.2841784973
93.0	2.0	4.0	1.0	0.49	0.49	0.0	-0.15399196794500913	0.15164834622031764	-0.02074803997861263	0.46229959657075004	0.45520399284953117	-0.06100813916220549	16.849294286657823	11601.58406121991	0.0240222152328861	2086059.0352535474	2105594.0145693677
94.0	2.0	4.0	1.0	0.3	0.0	0.0	-0.08549530497966713	-0.0068567357458795275	-0.009320027466230063	0.256906715495441	-0.019696236851186932	-0.028784069581111793	16.769066500273766	13384.828633443249	0.02279061123577558	2110652.9561022725	2131045.6671159407
95.0	2.0	4.0	1.0	-0.07	-0.07	0.0	0.011512896060839325	-0.013282312767777471	0.0042338475623791005	-0.03466816527680709	-0.03978219975618802	0.011648670176265252	16.75119758147048	7267.295652527537	0.022779754499445148	2136104.2840909758	2149862.9475981253
96.0	2.0	4.0	1.0	-0.0	-0.1	0.0	-0.0014348306316869352	-0.017412295435154657	0.004237900358615265	0.006084801941536303	-0.052139778484747046	0.01202704509049446	16.608610920229694	7134.56971649066	0.02359563264371206	2154920.512859786	2168380.7490503932
97.0	2.0	4.0	1.0	0.3	0.0	0.0	-0.08664620960719072	-0.006335150219242913	-0.010991183337111465	0.2585143807843915	-0.01751646407340335	-0.03292777294564431	16.650548175675794	7500.933924395213	0.023251443772848577	2173439.757318232	2187815.1555398
98.0	2.0	4.0	1.0	0.1	0.0	0.0	-0.01880052726061247	-0.0024284335373541133	-0.0024139650567963633	0.056077889046114604	-0.007091084970628492	-0.008157436484190872	16.38397311035078	6400.851946178591	0.023183349324464836	2192857.1511404007	2205799.4877820383
99.0	2.0	4.0	1.0	0.0	0.7	0.0	0.009152826429265182	0.22083573064056528	-0.03127069199661736	-0.02642266253348241	0.6615361137145269	-0.09454450904089351	16.553545483475318	12868.14490013785	0.023217336440751253	2210858.6761977277	2230700.860479501
100.0	2.0	4.0	1.0	0.21	0.21	0.0	-0.05613495823337454	0.06272307216764295	-0.0153582055389897	0.16801644341725624	0.18875186342723005	-0.04511329823747723	16.669875778461574	8799.857559210068	0.024184104373163273	2235760.1644961396	2251150.772083063
101.0	2.0	4.0	1.0	-0.0	-0.7	0.0	-0.0026573878831900677	-0.21749701270769917	0.059019650568443716	0.009007980403883339	-0.650160450425893	0.17632651865428972	16.8069923602161	15701.73095100472	0.023933245932599902	2256194.289823616	2279053.862749217
102.0	2.0	4.0	1.0	0.64	-0.64	0.0	-0.2033153045680548	-0.20228012656740413	0.05852451361870137	0.6098811751570199	-0.6048982232878756	0.17827438773181936	16.56630899742595	9051.228360378445	0.026261987832080197	2284112.9370226446	2300588.519330522
103.0	2.0	4.0	1.0	-0.07	0.07	0.0	0.016512239730112562	0.009777997947237549	-0.000438745708355448	-0.04950434991676532	0.029884271492441328	-0.002186001373178037	16.741351446398767	10068.173198669683	0.02459809015401779	2305647.290926383	2322105.9980482752
104.0	2.0	4.0	1.0	-0.3	0.0	0.0	0.0876535457166636	-0.011996333319587271	0.011142790875140474	-0.26321959133856904	-0.03579478431732863	0.03292482490283044	16.837989460327663	5801.126616952388	0.023513729104437903	2327165.0493473825	2339456.948309966
105.0	2.0	4.0	1.0	0.9	0.0	0.0	-0.2850335641757634	0.004208087566562879	-0.010560152590196825	0.8536117059429651	0.012818478341122486	-0.031085355916619317	16.781830010586418	9517.770090496924	0.025849752256197314	2344515.5528861578	2361808.11664537
106.0	2.0	4.0	1.0	0.9	0.0	0.0	-0.2888198153691261	0.005963620013092807	-0.021497013809373078	0.8645496589666135	0.01662845836995941	-0.06371283131138772	16.656018251524074	8917.824134852708	0.024722348242606284	2366867.598621833	2383742.6653567636
107.0	2.0	4.0	1.0	0.7	0.0	0.0	-0.2188284515636977	0.006800326891808428	-0.012794512855681672	0.6564853546910931	0.02078941195829298	-0.036964449530652255	16.484987194417045	9467.758639802923	0.024748741436897752	2388801.605430985	2405844.078022252
108.0	2.0	4.0	1.0	-0.49	-0.49	0.0	0.15240771643060946	-0.1520507135544258	0.06591411612118236	-0.45709367219753927	-0.4551810624561088	0.19755924010078674	16.673157824698137	11701.5365809566	0.024888148834841136	2410903.445856453	2429728.595955352
109.0	2.0	4.0	1.0	0.35	-0.35	0.0	-0.1133920038089871	-0.10368932700340261	0.014061878385616233	0.3390754561255036	-0.3104205955387622	0.043467392996171195	16.777453951362986	8751.27780987168	0.024638520037669438	2434787.1352552976	2450663.9983633542
110.0	2.0	4.0	1.0	-0.49	0.49	0.0	0.15616622931447227	0.1484984231545433	-0.005144823376806218	-0.4702142594427479	0.4452039460014795	-0.015388693064728565	16.788394099421566	12851.603388819058	0.025008124471112315	2455723.206106646	2476064.4867317826
111.0	2.0	4.0	1.0	-0.0	-0.3	0.0	-0.003136405657125387	-0.0853566306957787	0.023122948043039382	0.008891308594219511	-0.2538687814844207	0.06817864042117583	16.337295128323603	8067.421245486912	0.02325528871835562	2481107.791139351	2495948.9076621905
112.0	2.0	4.0	1.0	-0.7	0.0	0.0	0.21876817134450008	-0.006698389575468755	0.032137203021290306	-0.6561102983920665	-0.020548338556418355	0.0981511375600943	16.599494127149228	8151.154623745242	0.024191568931536105	2501008.6212052265	2516249.991612549
113.0	2.0	4.0	1.0	0.07	-0.07	0.0	-0.008689341590741256	-0.017601319045111086	0.004399841306197527	0.024514299640754147	-0.05364555824821238	0.013611517509803384	16.60387018637266	11101.605941523303	0.024629249323645838	2521292.355531634	2538717.8746054233
114.0	2.0	4.0	1.0	-0.07	-0.07	0.0	0.010244076643546542	-0.013427443642770043	0.002862342259889683	-0.031282507581368475	-0.04135051695619529	0.01009766994744199	16.750832910474855	5984.380378908099	0.024800491508387215	2543776.1936436254	2556102.154772532
115.0	2.0	4.0	1.0	0.64	-0.64	0.0	-0.20816486050284813	-0.2002510737591895	0.030879615472664157	0.6244298429613998	-0.5997174045232555	0.09341705653472399	16.650912846671417	10001.337616038654	0.024577382606372968	2561162.088577312	2578503.6233786703
116.0	2.0	4.0	1.0	0.07	-0.07	0.0	-0.014144474843234372	-0.014763737889800121	0.0032706919966722925	0.041203392133956296	-0.04267274999078585	0.011414273289169996	16.606422890617978	5501.280727243284	0.024513887381491118	2583562.2228494575	2595420.9595826976
117.0	2.0	4.0	1.0	0.35	-0.35	0.0	-0.11828922889399454	-0.10083058929088196	0.023404641794496972	0.3545763632198331	-0.3018767516747721	0.07090058136884225	16.74463348899735	6617.310531135445	0.02414998149866022	2600481.1209426625	2613972.0191000486
118.0	2.0	4.0	1.0	0.0	0.7	0.0	0.0038509293178633115	0.2195935619251781	-0.04073372091244298	-0.0122649119721801	0.6584569930398116	-0.12178916914611815	16.8631518172333	12651.5750902945	0.024981481367336373	2619033.46228127	2638973.4212629884
119.0	2.0	4.0	1.0	0.0	0.1	0.0	0.011378718948027463	0.023071760806057662	-0.004665714503633622	-0.03436274175908843	0.06911817459745606	-0.012669608605888283	16.618457058939384	5827.785946425138	0.02496970724714924	2644032.705952028	2656068.7924113264
120.0	2.0	4.0	1.0	-0.5	0.0	0.0	0.15227858892447482	-0.007350544119885227	0.017840653086187208	-0.4570947209620027	-0.022051632359655682	0.0527895262075202	16.83653077634517	9517.541441298818	0.04851778806760354	2661107.9399254303	2677540.907784722
121.0	2.0	4.0	1.0	0.49	-0.49	0.0	-0.15775737764209435	-0.14890329371247946	0.048428766308114546	0.4737900413034396	-0.44703357387316134	0.14340943923104998	16.55792154633673	9684.16981743212	0.019225211677514432	2682572.6834590714	2699292.1232357183
122.0	2.0	4.0	1.0	0.3	0.0	0.0	-0.08413709457647728	-6.664186042748543e-05	-0.005168725108706362	0.25250839155014876	-0.0024981440049147707	-0.015597729457499265	16.577978494751733	7183.842706857831	0.01797669447294307	2704333.1054134797	2718493.086552655
123.0	2.0	4.0	1.0	-0.0	-0.7	0.0	-0.006147184005565224	-0.21824124704567338	0.06515112840467396	0.01847392129026787	-0.6550798031463153	0.19595693293661287	16.710719013644848	10250.587121543504	0.01778116298556987	2723523.9035049346	2741144.231694936
124.0	2.0	4.0	1.0	-0.35	-0.35	0.0	0.10510013963410104	-0.10700780335051496	0.050497676050954676	-0.3153651574494477	-0.3204407631272437	0.15094370336458296	16.801157613372197	8633.82068068313	0.018521027935980296	2746169.384200668	2761646.057971142
125.0	2.0	4.0	1.0	-0.21	-0.21	0.0	0.05894658786308852	-0.05881900976617882	0.028007751583104867	-0.1770663485042716	-0.1767483527606869	0.08503035019449656	16.533488535060314	6117.694165834109	0.01883528225442604	2766670.115002889	2779530.2382181836
126.0	2.0	4.0	1.0	-0.64	0.64	0.0	0.2113892890045748	0.1966322235010345	0.008753905546628138	-0.6353331608623265	0.5910619643517059	0.028184353398868156	16.686286006006412	11784.047944125632	0.017685877723347145	2784556.0343695832	2803831.190886707
127.0	2.0	4.0	1.0	-0.49	0.49	0.0	0.15338515627901075	0.1516305517516563	0.016908650339485742	-0.4590872828091469	0.452722913925626	0.051321052872428385	16.025500764953904	9250.331486633513	0.018321795899632905	2808855.780703903	2825282.996960097
128.0	2.0	4.0	1.0	-0.0	-0.5	0.0	-0.001438149561203924	-0.15239705614984422	0.050979024948492935	0.0038289095800274845	-0.4549576885730451	0.15179264820322658	17.298569902777672	9017.217248099769	0.01803825744493508	2830322.8953333674	2846400.2903516595
129.0	2.0	4.0	1.0	0.35	-0.35	0.0	-0.10780542541037173	-0.10496422321232046	0.03042274204623474	0.3237723382404103	-0.3137597450619315	0.08902514991988986	16.55391015810892	8267.42802838271	0.018683815610684117	2851440.806843577	2866785.2272926173
130.0	2.0	4.0	1.0	-0.21	0.21	0.0	0.06215680409576507	0.05703046066060857	0.005570122835115376	-0.18608198100442785	0.17063821215181363	0.017992126344668624	16.770525184256257	12517.164370692626	0.018416237202446915	2871825.4170386316	2891203.2242818894
131.0	2.0	4.0	1.0	0.7	0.0	0.0	-0.21727274111678233	0.004523575770406851	-0.015573974212275021	0.6517211155296301	0.012955711113347146	-0.0465845914397548	16.571049727645004	9716.734641482617	0.019336336051005612	2896228.3078646576	2913154.282048814
132.0	2.0	4.0	1.0	0.49	-0.49	0.0	-0.17210312462840122	-0.15527616924110166	0.06343749141679667	0.5167301744416433	-0.46456610605398596	0.18976314946210893	16.45800148253329	18901.502155938942	0.01863150330885981	2918195.3929557092	2944140.0955877616
133.0	2.0	4.0	1.0	-0.07	0.07	0.0	0.014241815722721075	0.009934259536427681	0.004022992294200445	-0.042531231526729545	0.02980277860928271	0.011519652094320265	16.358446089725476	7667.346779511718	0.01850128116953106	2949180.432661171	2962823.3274694104
134.0	2.0	4.0	1.0	-0.0	-0.3	0.0	0.0001918505265114703	-0.08315621495327019	0.024308964675370803	-0.00034896666452836585	-0.24963049122767222	0.07439176012819526	16.33802447031485	7550.821751356125	0.0191478630861657	2967847.4063814646	2982257.5895487973
135.0	2.0	4.0	1.0	0.0	0.1	0.0	0.005460860455963993	0.02013120220175013	-0.002662253757549471	-0.016868120471476098	0.05990806750166644	-0.009588958571801531	16.80298097198829	5467.955927226285	0.01916689337822607	2987282.358055163	2998726.229235588
136.0	2.0	4.0	1.0	0.21	-0.21	0.0	-0.07293031689376274	-0.054321350994150475	0.014907637140463392	0.21882331995486043	-0.16267272952030098	0.046874433508824365	16.72202383997501	9417.255976240995	0.01883784437216007	3003766.6695111073	3019909.6584046637
137.0	2.0	4.0	1.0	0.1	0.0	0.0	-0.019211064599378276	-0.007917071145950305	0.0006872175173393558	0.05785977871314071	-0.02222985757995366	0.0005510093842451269	16.089318323793123	7751.103132093704	0.018744424893770397	3024934.1362676276	3039260.873053383
138.0	2.0	4.0	1.0	0.5	0.0	0.0	-0.15141001341695173	0.0010251478417441229	0.0020596139467216057	0.4541976709772828	0.0031725513459489596	0.006682389562755797	16.68190994678298	11718.302365406998	0.01830165172319035	3044294.27698717	3062946.1861167983
139.0	2.0	4.0	1.0	-0.5	0.0	0.0	0.15224541257701482	0.0036768344168823797	0.017063614862277143	-0.45689808409890575	0.011127611071364063	0.051969054703562945	15.97517606569454	8850.804392983264	0.018205343486987154	3067987.943222066	3083746.9710363075
140.0	2.0	4.0	1.0	-0.35	0.35	0.0	0.11018568483684886	0.10330613522695264	0.007302796978700066	-0.331754717632721	0.31040394478444255	0.021908390936100197	16.940097557380795	13383.711279151612	0.0199300170416934	3088771.3839876996	3109915.0639342554
141.0	2.0	4.0	1.0	0.3	0.0	0.0	-0.08476869679012919	-0.00431589451116432	-0.007709510948348153	0.25388528981394787	-0.012785837165631642	-0.02399829709315615	15.826389982976252	8900.576983669453	0.01970689480589674	3114960.5928395977	3130983.046774258
142.0	2.0	4.0	1.0	0.5	0.0	0.0	-0.14942851754546654	-0.006875988989803017	-0.00916267032882312	0.44925663084356804	-0.019980581497963446	-0.02744223392077927	16.44961403144407	8767.504974122858	0.019440133562844096	3136024.820289753	3151650.7119122217
143.0	2.0	4.0	1.0	0.64	0.64	0.0	-0.2037829154099832	0.20470244447001196	-0.027692225528346937	0.6098921289191969	0.6132333630235842	-0.08321400778211108	17.12024540756829	12283.896605342306	0.020398535592970696	3156681.4081581435	3176535.264124468
144.0	2.0	4.0	1.0	-0.35	0.35	0.0	0.11182066547679113	0.10168610487550023	-0.002586007476934604	-0.33610938190181916	0.3041519749664765	-0.007208697642522743	16.424087007180788	12167.435030078195	0.01963078182558105	3181564.881306633	3200987.4261174994
145.0	2.0	4.0	1.0	0.21	0.21	0.0	-0.060381888928218004	0.05847990494033872	-0.005315168993684893	0.17978615729461808	0.17543971482101617	-0.015808175783984413	16.69430878610001	7717.282743149553	0.019238332064429736	3206028.7281124	3220404.2805901263
146.0	2.0	4.0	1.0	0.0	0.7	0.0	0.01026413696135498	0.22121411450091444	-0.012422394140573334	-0.029238685752595486	0.6637718205970328	-0.037175628290339824	16.620280417555477	15683.970706646505	0.018819085018645744	3225430.0333455866	3248605.795655447
147.0	2.0	4.0	1.0	-0.35	-0.35	0.0	0.11008329435068495	-0.10164531527488885	0.0374639200426663	-0.330282252325627	-0.3060041318525524	0.11312419317904032	16.85184699090314	8517.016313955537	0.019366628087873563	3253648.0888282056	3269023.524246295
148.0	2.0	4.0	1.0	-0.0	-0.5	0.0	-0.0037316463867977457	-0.15277568170076994	0.04963347219035563	0.011194939160393071	-0.4575501825365751	0.14835109178278583	16.828507996251574	12451.079282560386	0.0208570920524486	3274056.8479522956	3293691.399799867
149.0	2.0	4.0	1.0	0.0	0.5	0.0	0.0056106525063469226	0.1527083795071632	-0.013766298924336784	-0.017252758075480327	0.45796329215362863	-0.041665113298531065	16.73077596205985	10850.78360668922	0.02077721573802815	3298717.0880084233	3317043.570253285
150.0	2.0	4.0	1.0	-0.07	0.07	0.0	0.014322393634400316	0.010954323244272812	-0.0011078171970366757	-0.04380878201608024	0.03208610716708338	-0.003277674525419938	16.84601224042126	10584.069970300334	0.02091298737101212	3322085.8718134984	3338644.0139858895
151.0	2.0	4.0	1.0	0.0	0.9	0.0	0.008830143614877765	0.28582943397894367	-0.04228981155118905	-0.02629621520319978	0.8589772885211561	-0.12590811627407528	16.66075898174313	12900.66523423593	0.02024179542708046	3343669.707299854	3363662.159688309
152.0	2.0	4.0	1.0	-0.49	0.49	0.0	0.15525275115064968	0.15045975944245127	-1.430685905035034e-05	-0.4661466847348169	0.45008450738446226	2.8564885390380823e-06	16.529477150470484	17034.081858600985	0.020302236902828136	3368692.606498742	3393246.9265463552
153.0	2.0	4.0	1.0	-0.35	0.35	0.0	0.11274687555488537	0.10067470750117202	-0.003486320286995026	-0.3376579797403552	0.3017651683149378	-0.010458960860985078	16.670240453095175	9833.967862206919	0.02068284712326021	3398272.8576263073	3414948.386181564
154.0	2.0	4.0	1.0	0.64	-0.64	0.0	-0.20504944308270698	-0.20208698126994662	0.049807516594040924	0.6147922672388259	-0.6029916471790393	0.14864433966539126	16.734058011934394	13884.14924994504	0.020387799298987826	3419974.095176414	3441182.987916236
155.0	2.0	4.0	1.0	0.21	0.21	0.0	-0.06386523709129757	0.05507325900791704	-0.015363796444773814	0.19253442020748876	0.16596427031591365	-0.04769358663347456	16.654559563903604	9717.429341199022	0.014456755805698288	3446207.636445586	3462367.5162060135
156.0	2.0	4.0	1.0	0.0	0.5	0.0	0.001731290018577778	0.1514040919978461	-0.021128081178111824	-0.0036401449242637147	0.45563652403071864	-0.06448289311089761	16.417158243712038	10667.455451697606	0.01505363494594582	3467403.444762436	3485085.5530903754
157.0	2.0	4.0	1.0	-0.0	-0.5	0.0	-0.002978870876503815	-0.1561710070192447	0.04415733882645645	0.010231383572402821	-0.46851302105773374	0.13119025864004685	16.5732377608947	8667.251964852767	0.01370081812648248	3490114.86066621	3505919.8400403764
158.0	2.0	4.0	1.0	-0.49	0.49	0.0	0.16617822689831166	0.14725526178144577	0.01087659418616227	-0.49785492594991687	0.4422513244479216	0.032355120164346274	16.635596632113447	14751.324123182712	0.013728263662548106	3510945.8819805477	3533538.3908201912
159.0	2.0	4.0	1.0	-0.5	0.0	0.0	0.15209925451707806	-0.005740979833548487	0.015815725947796677	-0.45620065573051727	-0.016866877491349963	0.047218292514939586	16.619915746559855	10817.125861354725	0.012778616229189627	3538580.7124373494	3556422.7034430844
160.0	2.0	4.0	1.0	-0.21	-0.21	0.0	0.06053621267690128	-0.05698622696928912	0.02535883421056917	-0.18183522294570986	-0.17060261889857187	0.07584761730325706	16.422628323198296	8067.098510971846	0.028480363196339866	3561465.415259034	3576490.4951950847
161.0	2.0	4.0	1.0	-0.49	0.49	0.0	0.15738110857428395	0.14855196193303788	-0.0037745632106361837	-0.4731144039300204	0.44688591819486045	-0.012513893339850868	16.598764785157982	14584.646516363136	0.028375152168785136	3581516.50066808	3604141.997715695
162.0	2.0	4.0	1.0	0.64	0.64	0.0	-0.20653042798260504	0.19848663760447982	-0.025438980697494395	0.6198178688628212	0.5945212038798431	-0.0780564705887069	16.71655376412673	7951.827224354929	0.02824378422171268	3609172.144036595	3625043.6344355186
163.0	2.0	4.0	1.0	-0.0	-0.1	0.0	-0.002572468172949094	-0.02067656835469589	0.004594021515060942	0.007167126868118434	-0.06141468886621393	0.012637637902930599	16.84163617755985	7350.787982752081	0.02831000686499988	3630086.348074823	3643844.0907857656
164.0	2.0	4.0	1.0	0.35	0.35	0.0	-0.10569478045323628	0.1041743827258409	-0.02410683146426784	0.31789357319901596	0.3118433934325049	-0.07213738613004317	16.531300509086577	11534.398758365569	0.0278709578060707	3648877.3437454402	3667262.1359117073
165.0	2.0	4.0	1.0	-0.0	-0.7	0.0	-0.0034150187845199643	-0.2177317460478403	0.0606704997327826	0.008529484854228706	-0.6531628688699487	0.18219460746110816	16.3507879806275	13684.290888457326	0.02766498259207802	3672293.934560381	3693463.597005608
166.0	2.0	4.0	1.0	-0.35	-0.35	0.0	0.10720697364876121	-0.10477642100295448	0.0483495475698259	-0.3218151365877173	-0.316012465234622	0.14568952162913895	16.656018251524074	10767.570250369317	0.02786707788400993	3698494.653911908	3716215.116228184
167.0	2.0	4.0	1.0	-0.07	-0.07	0.0	0.01166702559388099	-0.01231426432461502	0.004883955138321738	-0.035713200800233304	-0.03778439408672418	0.016070954451357977	16.676075199939078	6067.027399978542	0.027649528139607315	3721248.138715306	3733699.264675852
168.0	2.0	4.0	1.0	0.35	0.35	0.0	-0.10405264836178602	0.10881390091828058	-0.01482940108355435	0.3126434841889425	0.3257619480098236	-0.044167763790832426	16.727129244827665	12517.6687117455	0.027068493556489475	3738742.209152384	3758433.960495837
169.0	2.0	4.0	1.0	0.0	0.3	0.0	-0.0006849856196272406	0.08393726394506229	-0.01048089112704853	0.0022815417738876005	0.2513909912787473	-0.030344023804583453	16.562662276555784	10883.997911158076	0.02829623684417204	3763465.829526158	3780951.6365010166
170.0	2.0	4.0	1.0	-0.21	0.21	0.0	0.06685035739555249	0.053853360352753454	-0.0028010131992139975	-0.20184584312954884	0.1594884475496341	-0.008311485466261814	533.574964843865	10134.179153028526	0.027538094105457475	3785977.890315484	3802819.546187868
171.0	2.0	4.0	1.0	-0.07	-0.07	0.0	0.01359768875814828	-0.01217956930342301	0.0052502998396397604	-0.04163466738732413	-0.036603446457413424	0.015522014190468836	483.5456452346989	4917.663679276302	0.02762990697862119	3807845.8430336034	3819170.644141621
172.0	2.0	4.0	1.0	0.5	0.0	0.0	-0.15231845923770948	-0.0020512192867528922	-0.0048820508127011	0.4560814073266768	-0.006768674058132418	-0.016248349737256418	16.511608231667196	10317.41541073643	0.02634732547125829	3824213.5506922933	3841471.776957995
173.0	2.0	4.0	1.0	0.64	-0.64	0.0	-0.2118118590813029	-0.19702218261360704	0.04534828107101441	0.6366979789132279	-0.591422609850116	0.13544974135907206	16.522913057997357	12933.96122518243	0.028347016446425354	3846503.3298178967	3867539.8779516546
174.0	2.0	4.0	1.0	-0.7	0.0	0.0	0.22747440106423988	-0.01456725639921208	0.032320579842653685	-0.6816139713534126	-0.04399309265978668	0.09810616617021328	16.678263229550794	11067.394624446024	0.027620478953923635	3872582.796901166	3890757.9337989446
175.0	2.0	4.0	1.0	0.0	0.1	0.0	0.0029520216430514723	0.018356058291339905	-0.0038972701611629246	-0.009082649844160462	0.05529475978902576	-0.010913600366757259	16.763231753429864	10350.981623461848	0.028029891883950594	3895800.349866091	3912125.65239779
176.0	2.0	4.0	1.0	0.35	-0.35	0.0	-0.11303578642717883	-0.10069615322388092	0.017241315327505502	0.3384276045365187	-0.30309190715238354	0.05062529640595437	16.515254948899383	9133.606983024947	0.028498928727421057	3917153.1413555276	3933410.239691457
177.0	2.0	4.0	1.0	0.07	0.07	0.0	-0.010031233564147623	0.017136608490099237	0.00013239337739789914	0.030320285607448913	0.051053763461002544	0.0002598489351234301	16.654559563903604	7933.816815162572	0.028292659352571168	3938436.864741783	3952344.4696797305
178.0	2.0	4.0	1.0	-0.3	0.0	0.0	0.08775366172187109	-0.011585593133375038	0.014670859845702489	-0.26342283153347457	-0.034012286107962586	0.04341747768313631	16.749009551858762	8634.102936626732	0.028380920053295036	3957377.318218416	3972679.0494611594
179.0	2.0	4.0	1.0	-0.21	0.21	0.0	0.0740232718897858	0.054163142932643904	-0.0010072175175404041	-0.2213900609243396	0.16213336678863688	-0.003754085603662638	16.639243349345634	12934.263902745442	0.028809120063180944	3977722.2021652744	3997447.207562418
180.0	2.0	4.0	1.0	0.7	0.0	0.0	-0.2189600995572678	-0.0014281970885531292	-0.017643299000717483	0.6569774064925203	-0.004899607463532796	-0.05119036850592906	16.36610419882345	10033.804708058597	0.02811327540040015	4002490.315047231	4020248.3907034947
181.0	2.0	4.0	1.0	0.5	0.0	0.0	-0.15268737400656432	-0.0012726217279569463	-0.018600344854090012	0.4574147365482474	-0.0029115255238469917	-0.05401572900035656	16.719835810363293	9400.845382089756	0.028009491359403546	4025278.0830080444	4042249.6189180054
182.0	2.0	4.0	1.0	-0.3	0.0	0.0	0.08809091502526914	-0.007881892219425923	0.015641010147044887	-0.263981421613657	-0.023807523026139088	0.04582438086457252	16.680086588166887	9567.457347988238	0.02861261166466465	4047278.6004772824	4063467.5175917656
183.0	2.0	4.0	1.0	0.0	0.3	0.0	0.013639617757182278	0.09427127106239708	-0.0082897688260416	-0.039688820875800015	0.2838496299415042	-0.024960860609504976	16.626844510028604	15317.618168239278	0.02856548164661587	4068515.1594053204	4090585.5501730004
184.0	2.0	4.0	1.0	0.0	0.7	0.0	0.00722330697933071	0.21802594821739651	-0.03843483939901582	-0.019824872344371906	0.6552107692272194	-0.11516718699997719	16.455813452921575	11434.201179203228	0.029006561857289528	4095612.1865281495	4114120.2078483184
185.0	2.0	4.0	1.0	-0.49	-0.49	0.0	0.15088202740595646	-0.15312061731175897	0.05157404745532679	-0.4514807883692672	-0.4593618519352769	0.15641589379651366	16.68628600964439	11583.702745832852	0.0283887407411691	4119147.332134293	4138072.023767847
186.0	2.0	4.0	1.0	-0.49	-0.49	0.0	0.15070331448861238	-0.15585455205309318	0.06058160067117302	-0.45181862000368656	-0.46785497962142997	0.18092081483109745	16.73734005453298	8300.693386896455	0.02821823317440303	4143114.761840163	4158489.3989917547
187.0	2.0	4.0	1.0	0.35	0.35	0.0	-0.10343460671580942	0.10786982731707673	-0.02615197985833817	0.3092032648459706	0.3242568674226761	-0.07836438544363433	17.313156771706417	7984.441643766331	0.028125875454340567	4163518.907866408	4178390.735222041
188.0	2.0	4.0	1.0	0.49	-0.49	0.0	-0.1613309324967651	-0.15237849776632695	0.03161953154779518	0.48519046061246984	-0.4565204771011071	0.0941261615923441	16.448884689452825	9617.14606417081	0.0281045920556965	4183433.7190831285	4200224.788052768
189.0	2.0	4.0	1.0	0.49	-0.49	0.0	-0.15958944831496366	-0.14740788938018012	0.034403790340815976	0.47834754438845134	-0.44329185416842554	0.10243316090571641	16.717647780751577	7499.624388081429	0.02835920693331995	4205257.200079352	4220109.227946108
190.0	2.0	4.0	1.0	0.21	-0.21	0.0	-0.060236909109839296	-0.05848665501284667	0.016482410925244606	0.18061361950880095	-0.17510390302924517	0.04935567864435364	16.650548175675794	9100.596530075563	0.02822474830048216	4225136.162967436	4241210.578617396
191.0	2.0	4.0	1.0	-0.0	-0.7	0.0	-0.00380034261712438	-0.2194366486345995	0.056835584038845366	0.01175708986066814	-0.6576949297059251	0.1713765163646478	16.696496819349704	12267.607446890906	0.028475246958918565	4246245.6808276	4265828.560873928
192.0	2.0	4.0	1.0	0.0	0.5	0.0	0.0051113672512523075	0.15199966073615623	-0.012911781491046548	-0.016790719064509782	0.4560960900291856	-0.03901000686728018	16.522183712368133	8100.35694072576	0.0278408760710425	4270875.277515213	4286029.471678132
193.0	2.0	4.0	1.0	-0.0	-0.9	0.0	0.001538360516280734	-0.28432509572712883	0.07176245975407636	-0.0036440033416736276	-0.8519394704270733	0.21528737926222907	16.775630589108914	8317.243650333694	0.02848872228229045	4291056.295109898	4307014.398700019
194.0	2.0	4.0	1.0	0.0	0.9	0.0	0.002953868849596656	0.2848802978233588	-0.05266122835153386	-0.008181851803772	0.853443230347902	-0.15821257038305203	16.67352249569376	14434.557098848018	0.03156501451711894	4312060.179593551	4333682.351564002
195.0	2.0	4.0	1.0	-0.9	0.0	0.0	0.28900328009583076	-0.009865252561066074	0.02328717174004513	-0.8650029453260107	-0.02933680349461998	0.0685797573808129	16.66805241984548	11734.474828896055	0.03005503257912832	4338716.398414115	4358050.726936697
196.0	2.0	4.0	1.0	0.35	0.35	0.0	-0.10367657350961697	0.10812483677018625	-0.029418698405692556	0.3113534132645737	0.32424503321626963	-0.08834764934845785	16.50905552742188	8850.534900546336	0.02983669061281549	4363092.476383856	4378684.579708497
197.0	2.0	4.0	1.0	-0.1	0.0	0.0	0.01695228489866666	-0.003365580114006672	0.0014653849085898285	-0.05247531837461416	-0.010808864360610348	0.0034348363462776144	16.75411495671142	3583.981719733856	0.03030844844528746	4383711.726968788	4393369.17983861
198.0	2.0	4.0	1.0	-0.0	-0.5	0.0	-0.0017141601990032995	-0.1512839847292653	0.0385509727624016	0.007052267737774683	-0.4527837681599104	0.1161106889441057	16.6760751963011	8100.880974052416	0.03004552393601561	4398402.759544187	4413753.445418846
199.0	2.0	4.0	1.0	-0.0	-0.9	0.0	-0.00412725501659192	-0.28435046460580204	0.06548118104805634	0.012899673426932328	-0.8553172429674659	0.19832040283746266	16.598035439528758	9649.926044563472	0.02944615742657844	4418779.189422185	4436021.277868214
200.0	2.0	4.0	1.0	-0.64	-0.64	0.0	0.20910331479815908	-0.1991738631778226	0.07837795986855234	-0.6274717907623387	-0.5969713118827391	0.23453877775168586	16.79167614929611	9667.536044158624	0.03015188391077858	4441046.642977588	4458522.64538734
