TN	hand	digit	Corr	TargetX	TargetY	EnsPercent	RawX	RawY	RawZ	ForceX	ForceY	ForceZ	RT	MT	EnsForce	measStartTime	measEndTime
1.0	2.0	3.0	1.0	-0.64	0.64	0.0	0.20002731576074206	0.20501166598249487	0.021657599755873558	-0.6001143165557984	0.6153263214096351	0.06405725795381889	16.51710842270404	8617.578232267988	0.03328276183385961	0.12617665925063193	18661.89395544643
2.0	2.0	3.0	1.0	0.0	0.7	0.0	0.0043677544033308745	0.21630615144888077	0.03131472953383352	-0.013426955945715593	0.6496305783652326	0.09362374914166993	16.548105588299222	7767.314920536592	0.03326521490675862	23716.354865653557	41463.18175966735
3.0	2.0	3.0	1.0	0.21	-0.21	0.0	-0.056781938009924815	-0.06138232822447087	-0.0064263920042714195	0.16966605928475648	-0.1842440924941292	-0.019874277866785417	16.554305009776726	8551.314334152266	0.03371934562500714	46499.103452821146	61581.488060444826
4.0	2.0	3.0	1.0	-0.0	-0.5	0.0	-0.0005174249960044354	-0.1511477877737929	-0.014425055313949775	0.0005164582337001714	-0.45402601024567957	-0.043275165941849325	16.70783209556248	9734.13629339484	0.03614940629708023	66649.86122390837	83465.96165761002
5.0	2.0	3.0	1.0	-0.3	0.0	0.0	0.09168156085638599	0.01315986627971344	-0.004498255893809255	-0.2743001892769954	0.039965137942724605	-0.011526353856753935	27.970010793069378	9862.033843790414	0.07407606869383919	88519.08750204893	105067.56468467938
6.0	2.0	3.0	1.0	0.9	0.0	0.0	-0.28392839948974913	0.0024330688173356263	0.013077616540768555	0.8535978777892954	0.006587082433416547	0.04001105973903718	27.697235826053657	14945.99638901127	0.03448534576439712	110121.48843239993	131751.96257585776
7.0	2.0	3.0	1.0	-0.0	-0.3	0.0	0.011979225079534086	-0.08982775097938511	-0.015091941710532741	-0.03538739758787341	-0.2693214065702937	-0.045779372854189204	17.032755247782916	8602.182126895059	0.0346863582327348	136806.1317481188	153003.09278687928
8.0	2.0	3.0	1.0	-0.07	-0.07	0.0	0.027412221437908956	-0.007575078980904704	-6.552224000655471e-05	-0.08100663191797988	-0.02291945258414796	-0.0007001144426106443	22.497006953926757	10184.985925472574	0.03506368665579815	158058.24548070086	174743.67211280332
9.0	2.0	3.0	1.0	0.0	0.1	0.0	0.006531510864543895	0.01872986729435311	0.007446359960363469	-0.020177179517932728	0.05631907897734878	0.023575060654722813	16.604629810899496	17.421131386072375	0.03388176561329899	179791.5342753695	185788.5589130019
10.0	2.0	3.0	1.0	0.0	0.5	0.0	-0.001988228680388212	0.15306207640153147	0.03494129243916988	0.006223640229742877	0.4591862292045944	0.10546475623717089	16.5747266728431	11023.741633951431	0.034969814757818546	190843.0325867521	210456.76753627777
11.0	2.0	3.0	1.0	0.35	0.35	0.0	-0.10561053833978856	0.10792230006748205	0.04023003280692228	0.3161518602743477	0.32386400802316306	0.11858435339902273	22.455069614807144	8184.666107743396	0.034223150516429365	215511.2313638674	230596.87431965722
12.0	2.0	3.0	1.0	-0.49	0.49	0.0	0.14925288618296656	0.15716505014704196	0.027306105134683456	-0.4475320736338938	0.4713980426204093	0.08287963378354224	26.982477866113186	9544.762264573365	0.03409595239937297	235643.74019714887	255142.39072681812
13.0	2.0	3.0	1.0	0.07	-0.07	0.0	-0.016547798456107335	-0.009543199868548125	0.0033559899290694917	0.04974050318903893	-0.02879144597350569	0.011990606546192217	16.786601350759156	6898.505462973844	0.03465180492666303	260198.53861170122	273425.0333766395
14.0	2.0	3.0	1.0	-0.07	0.07	0.0	0.009487533349808812	0.022828076282795373	0.00658867475398528	-0.028171276587275994	0.06761025846193447	0.01972024719626575	16.309974482282996	6450.478030848899	0.034818839474349106	278451.4524355909	291192.4547815288
15.0	2.0	3.0	1.0	0.0	0.9	0.0	-0.0022845283788626362	0.28253359885971274	0.07411103074695846	0.0062385689387145	0.8471799960226987	0.22128021973000334	16.53060130774975	7234.459210842033	0.03500449742855163	296230.7468454819	313443.39937428595
16.0	2.0	3.0	1.0	-0.0	-0.7	0.0	-0.0020722981577101654	-0.21727086801481826	-0.023432211795199387	0.006605325755997859	-0.6527189437044788	-0.0709832913709495	16.60499448189512	11417.143688595388	0.034216036880535185	318465.9095094539	337061.4819485345
17.0	2.0	3.0	1.0	0.07	-0.07	0.0	-0.015177948062140888	-0.012029349978639137	0.008375896849013853	0.045825167648573105	-0.036185157756634334	0.025677015335322628	16.64182639797218	5640.354578295955	0.034214064563889424	342100.2867419302	353998.21201106533
18.0	2.0	3.0	1.0	-0.0	-0.3	0.0	0.011361110063204043	-0.08836936414834873	-0.012722941939412036	-0.03282092852029311	-0.26546415445434135	-0.037711055161335216	16.576550027821213	7051.081490790239	0.03472397373695259	359069.16122058465	372782.58521392127
19.0	2.0	3.0	1.0	-0.35	-0.35	0.0	0.1102200221622543	-0.10578418870274886	-0.02804312809946652	-0.32926818772315447	-0.3178381052118312	-0.08399205310132929	22.638864524196833	4868.248956030584	0.03356341320513884	377837.1777708817	389466.87735007436
20.0	2.0	3.0	1.0	-0.49	-0.49	0.0	0.15634612478927748	-0.15231599485701874	-0.043995562676428124	-0.46784071124565796	-0.4574335236746402	-0.13116270084686277	16.575820685829967	11585.092118082684	0.033626134233152645	394522.7925739455	412984.26876065787
21.0	2.0	3.0	1.0	0.07	0.07	0.0	-0.01071578759346058	0.01338809123791107	0.010506092927431654	0.03282711752539971	0.04077928991160695	0.031380947585224694	16.885062897927128	5536.389750224771	0.034173790692443314	418023.5786253761	429535.8624338842
22.0	2.0	3.0	1.0	-0.21	-0.21	0.0	0.06012362096823955	-0.05984289736420989	-0.008030255588644009	-0.18118009474402574	-0.1795610613662022	-0.02344988784627078	27.150227178935893	12811.251749066287	0.0342533028242145	434590.8966091665	453870.6525120215
23.0	2.0	3.0	1.0	0.21	0.21	0.0	-0.06021840683306532	0.056956326392316625	0.017365694666961806	0.17926334173558767	0.17083660990337735	0.05264640878916649	16.55795173428487	7817.8173115011305	0.034143604296439735	458921.7135811632	473337.07183353545
24.0	2.0	3.0	1.0	-0.3	0.0	0.0	0.08329671918009078	0.0017504914716582887	-0.0031273853666118345	-0.2494693569838326	0.006190183348571243	-0.009382156099835504	16.912778010009788	11768.503387982491	0.034665168428935245	478377.08259867213	496656.46471228683
25.0	2.0	3.0	1.0	0.0	0.9	0.0	-0.0020790957051602006	0.28554122659885695	0.04593137102308076	0.005913594379757633	0.8562352485137031	0.13719901121527112	16.59952440240886	9751.713504592772	0.03372758563471883	501727.9554603592	518457.56033413636
26.0	2.0	3.0	1.0	0.64	-0.64	0.0	-0.2081553525682241	-0.1978111771830836	-0.035670301365735346	0.6246926426196784	-0.5950843645014372	-0.10765178301686729	22.488254806376062	9301.528670359403	0.03419511711234142	523530.4430368851	539624.8257321568
27.0	2.0	3.0	1.0	0.5	0.0	0.0	-0.14975498972281334	-0.0004843522302194758	0.020362761882891767	0.45033315519632533	-0.0023917656242548047	0.06195804989678699	16.870476014446467	12084.643023976241	0.03488023445949399	544681.542870705	563549.1292169318
28.0	2.0	3.0	1.0	-0.0	-0.7	0.0	-0.005569979435127395	-0.22003965367403344	-0.01383572747395534	0.0181341863425626	-0.660766346493546	-0.04100363469927504	16.657142637996003	10151.501702843234	0.03479612056142602	568599.0051006665	585745.0206714566
29.0	2.0	3.0	1.0	0.21	0.21	0.0	-0.06211137058337869	0.05614330519005406	0.023439578850909415	0.18643121957085318	0.16975705578662592	0.06899120164771566	26.961326846503653	10679.894915985642	0.03471616116512892	590800.7039636577	608045.8684983896
30.0	2.0	3.0	1.0	0.0	0.9	0.0	-0.00687314049372864	0.28613908276583644	0.047664307621801516	0.020166251651173996	0.8585467253917984	0.14207738155160277	16.89162700495217	10368.856682645855	0.051053205717855425	613118.6997823243	630630.0832145935
31.0	2.0	3.0	1.0	-0.1	0.0	0.0	0.019805045085333043	0.006904456686935845	0.00432319218732069	-0.05918855034099309	0.020551523692946216	0.012557582970751269	27.349338328349404	5300.955769984284	0.055692867907340834	635673.3300828782	647363.5868013371
32.0	2.0	3.0	1.0	0.64	-0.64	0.0	-0.20506218362878503	-0.20182646472443638	-0.03334098115516804	0.6149923352449213	-0.6045730545132852	-0.10020605172826447	16.5747266728431	12457.861553572002	0.05119617074736522	652404.4501706085	671150.3416798369
33.0	2.0	3.0	1.0	-0.35	-0.35	0.0	0.10574145694572769	-0.10680117517164567	-0.02338363927680176	-0.317807017761484	-0.32124512662781646	-0.0687776058597026	16.605723823886365	9434.299703119905	0.050845937811642344	676206.1992854578	692284.5444165578
34.0	2.0	3.0	1.0	0.0	0.7	0.0	-0.007347941630293273	0.21946266058284924	0.042941530479830736	0.022788318183042514	0.6584850895692647	0.12877881437380212	15.889142494415864	10716.51313349139	0.051768309745373324	697343.1556637079	714651.4493723371
35.0	2.0	3.0	1.0	-0.21	0.21	0.0	0.05906557731274016	0.06155810632767733	0.013089378194796053	-0.17632276155176885	0.18392982569086946	0.03862725566472691	17.044789434294216	9601.69711256458	0.051149117087563575	719694.002633667	735786.8467759399
36.0	2.0	3.0	1.0	-0.0	-0.5	0.0	0.000331444097767755	-0.14859092590660494	-0.011960643930766568	0.00013859228172679369	-0.44567566989909824	-0.03615659418644024	17.231866397196427	14801.973023728351	0.05056795176320835	740843.1303189718	762187.6691852085
37.0	2.0	3.0	1.0	-0.0	-0.3	0.0	0.0019839775157925	-0.08584257117835548	-0.0055981139849571315	-0.005434024170221182	-0.2581103604593673	-0.01711478141470202	16.86901731591206	9274.052426044364	0.05192107212938225	767228.3389134245	783028.2960279437
38.0	2.0	3.0	1.0	0.35	-0.35	0.0	-0.11477816400093087	-0.10061923951397456	0.0010686930647082482	0.3442373841820758	-0.303120120211243	0.0027025314715337645	17.0236384292366	10535.169556271285	0.05118233969575432	788096.496701357	805429.7405683756
39.0	2.0	3.0	1.0	-0.0	-0.1	0.0	0.010867275793779104	-0.021504043516594407	0.0017608545051798208	-0.03256945810776511	-0.06473871546478926	0.004824792858638571	27.101361061795615	6862.635188619606	0.05065516712616901	810480.7513127307	823859.0985953924
40.0	2.0	3.0	1.0	-0.5	0.0	0.0	0.15136461011588784	0.003650537619034222	-0.006293803311231416	-0.45321985996121184	0.010207119564940137	-0.021765365072169862	16.92627088050358	12084.971958509414	0.11063006621672258	828919.636406994	847493.8339361979
41.0	2.0	3.0	1.0	-0.9	0.0	0.0	0.288600286955759	-0.004586678590257742	0.006988876172999814	-0.8648621519336807	-0.011720771535719487	0.020875074387619263	17.12465270247776	13607.618663503672	0.05229174010230869	852549.98510312	872827.6809714298
42.0	2.0	3.0	1.0	-0.3	0.0	0.0	0.1030813932025887	0.014364551376302881	0.014815069810006243	-0.31018288854136233	0.04370867032678205	0.043117674525006144	16.642191068967804	10118.920773820719	0.051787745910703877	877884.9473066512	895734.8244302702
43.0	2.0	3.0	1.0	-0.21	-0.21	0.0	0.06754547675575946	-0.058534898178179584	-0.005112645151450379	-0.20234510680512796	-0.17609023363812304	-0.017352126344715058	27.077292688773014	10594.463470217306	0.05238535006887392	900787.9936707468	917963.7573950895
44.0	2.0	3.0	1.0	0.35	0.35	0.0	-0.10848722589347946	0.1033944170257467	0.029117705043117725	0.3255587855011553	0.31047457453939054	0.08671223620969193	16.64292041095905	13851.06230902602	0.05140879793959888	923021.1827275052	943347.0335903403
45.0	2.0	3.0	1.0	0.07	0.07	0.0	-0.008960453678473292	0.017353184825718904	0.012245181963836949	0.02603975992254042	0.05173586174143374	0.036735545891510846	16.502521524671465	5234.377888889867	0.052124937129533935	948389.5631479536	959599.3632089958
46.0	2.0	3.0	1.0	-0.49	-0.49	0.0	0.16509061499037986	-0.14950350636257048	-0.02970817425800898	-0.4947539365939831	-0.44728048669196463	-0.08917029983971703	16.120344822411425	9673.447872090037	0.051828396684785505	964656.1361424247	981750.6008889904
47.0	2.0	3.0	1.0	-0.21	0.21	0.0	0.060006426934295407	0.06645152047021352	0.015919017319026563	-0.17950137242572972	0.19883665303348408	0.0481232684826004	17.49333653424401	8968.367583976942	0.052409870035558574	986824.9276945717	1002334.7003687231
48.0	2.0	3.0	1.0	0.35	0.35	0.0	-0.11030008648145943	0.10387884262632041	0.05694110933094276	0.3302852432465049	0.3103741262096422	0.1703655573359274	27.264004966127686	13845.93282660353	0.05169880587703886	1007377.3903822002	1027919.904805909
49.0	2.0	3.0	1.0	0.7	0.0	0.0	-0.21765493591960816	-0.00264329645942607	0.02322105134666974	0.6529324384852523	-0.007120657538970954	0.06865605859482726	17.170236751553603	11384.874554511043	0.05191647088802766	1032977.3943206528	1050993.6386541086
50.0	2.0	3.0	1.0	-0.07	-0.07	0.0	0.01095622655755568	-0.012644124485933217	0.0038393896392036053	-0.03280394112552248	-0.037738157816366136	0.011014621195019836	99.97677036153618	10318.07349389419	0.051470402193321545	1056045.8819912747	1072805.266745112
51.0	2.0	3.0	1.0	0.1	0.0	0.0	-0.017485139248407215	-0.0030454134711606073	0.007849314107047811	0.053394126678817856	-0.008715439857041929	0.025516356145817265	22.24538297741674	8417.165568942437	0.05050889227935142	1077863.9049780322	1092806.983987597
52.0	2.0	3.0	1.0	-0.49	0.49	0.0	0.155633357701119	0.1545913174144754	0.011878812848158504	-0.46719139656550757	0.4640005371584319	0.036094209201376404	16.617393339402042	10284.048097382765	0.05207491847923793	1097867.360249322	1114658.1688265577
53.0	2.0	3.0	1.0	0.0	0.1	0.0	-0.0007595773736471852	0.018266097606228326	0.013984106202861724	0.0034440259695438114	0.05525146264869707	0.043234076447907666	16.811034409329295	5217.104449839098	0.051760315264709866	1119732.8136264987	1130925.8132286342
54.0	2.0	3.0	1.0	-0.35	-0.35	0.0	0.11475006747147028	-0.10080949315632137	-0.017388760204400278	-0.3460628817344587	-0.30132792416750676	-0.05184584115337021	27.214409521548077	8461.843776516616	0.05158406260947552	1136000.3905641641	1151009.7655630233
55.0	2.0	3.0	1.0	0.7	0.0	0.0	-0.21857284651595849	-0.00039297161297224825	0.016959786373785257	0.6549740462557131	-0.002376577961091031	0.05078780498997559	27.41388534195721	13378.762644555536	0.051614689212158046	1156069.4343602373	1176177.9729099362
56.0	2.0	3.0	1.0	0.0	0.3	0.0	-0.0005701782801210623	0.08521045968813556	0.011268763256345293	0.0016457962932186262	0.25543716342297285	0.0349964934769782	26.974090389558114	9779.113532378688	0.051406590621375405	1181237.4812512717	1197529.3946036398
57.0	2.0	3.0	1.0	0.64	-0.64	0.0	-0.2077105296948908	-0.19897605670498186	-0.023653809414766247	0.6243616214804193	-0.5967339544735117	-0.07123609063843928	17.094384878873825	11535.265100435936	0.0521256935330381	1202573.9294949598	1221714.2288253817
58.0	2.0	3.0	1.0	-0.1	0.0	0.0	0.025186441132628364	0.010611342737402829	0.008458484779184983	-0.07397322899284312	0.031413227655768594	0.02523812314048468	26.986489247065037	6328.922134038294	0.05059581042737945	1226773.4016680769	1239398.7474231254
59.0	2.0	3.0	1.0	0.07	-0.07	0.0	-0.012414242220926701	-0.012213992946896512	0.0038017730984135634	0.037857742860653514	-0.03654487101997228	0.011679981689381225	27.138922334415838	7728.513773865416	0.05102169292284221	1244457.832744447	1258472.1333738272
60.0	2.0	3.0	1.0	0.49	0.49	0.0	-0.15537394602680746	0.1484257476615194	0.03331370412761514	0.4646004822225249	0.4461512133710098	0.09994111238284542	22.390157930203713	13351.748075539945	0.05143466071449514	1263524.904027334	1284051.0333540295
61.0	2.0	3.0	1.0	-0.0	-0.1	0.0	-0.00041623433091434175	-0.018549561808752335	0.006635507743984914	-7.843722372071506e-05	-0.05600474743555217	0.021371389334037594	38.75811533362139	8201.714908587746	0.051755939967038395	1289126.900900621	1303665.7817282248
62.0	2.0	3.0	1.0	0.64	-0.64	0.0	-0.20428273583706757	-0.2010599732739563	-0.013534190890330255	0.6137545471712267	-0.6022735801618448	-0.040144802014089875	16.57035060634371	14884.884583007079	0.05180215611012315	1308714.397668722	1330669.9853073368
63.0	2.0	3.0	1.0	-0.35	0.35	0.0	0.11395240656848957	0.10210009062087089	0.020351213855236416	-0.34231038953548065	0.3043581154482755	0.06141985809122996	27.16299070743844	11295.566276123282	0.05173927727367476	1335714.0067398723	1353588.461326668
64.0	2.0	3.0	1.0	0.49	-0.49	0.0	-0.1549707716188036	-0.15181172041788749	-0.01349464560918412	0.4643620372056819	-0.4527485115471628	-0.03979728084220102	16.758521567680873	10168.15884548123	0.05270513491264806	1358664.6286339965	1375290.6607025652
65.0	2.0	3.0	1.0	-0.07	-0.07	0.0	0.020046895349755664	-0.007533236299929746	0.004255869382785882	-0.060464378784989795	-0.02350604855981342	0.013408487068018893	17.13632221799344	8768.519798250054	0.05146541857828228	1380364.6118955365	1395156.9776240648
66.0	2.0	3.0	1.0	0.0	0.5	0.0	0.002529675993286632	0.14918044806461583	0.029968194094789458	-0.008916168196323637	0.44860953022173267	0.08940103456177739	16.60827653540764	8751.638382076635	0.0517301191523078	1400204.9732567393	1415375.2264159848
67.0	2.0	3.0	1.0	-0.0	-0.3	0.0	0.005546306706388439	-0.08483567960690908	-0.00533907072552553	-0.017480521232044605	-0.2536654377078478	-0.016200320439336946	83.19892115832772	7394.849804186379	0.05131758764655771	1420435.5931962347	1434226.7153917637
68.0	2.0	3.0	1.0	-0.7	0.0	0.0	0.2171792716024152	0.0014200400316156658	-0.007567852292646893	-0.6516672919015347	0.005036982660581724	-0.022428894483800144	28.171674654004164	12645.686089250376	0.05186614381669216	1439286.8239839154	1458400.2214290958
69.0	2.0	3.0	1.0	0.07	0.07	0.0	-0.00820971959036608	0.02260145252465995	0.012804193179234424	0.023981773299652467	0.06612115534822127	0.03768014648666185	16.347900425898843	4600.808770526783	0.051427956188369435	1463470.7939319923	1474112.0157013356
70.0	2.0	3.0	1.0	0.0	0.5	0.0	0.006647047591681165	0.15131981535716477	0.02387069504844841	-0.02042668187862778	0.45470393936365683	0.0717494163424155	16.573632645304315	9501.446108522941	0.051991373128665065	1479188.4200457425	1495596.613578862
71.0	2.0	3.0	1.0	0.49	-0.49	0.0	-0.15264516015792304	-0.1525586780907472	-0.02149645227740049	0.45838865030378106	-0.45586335495219354	-0.0643978027008213	16.70600875513628	10868.252602769644	0.05180502048019077	1500656.683515743	1518430.6077594229
72.0	2.0	3.0	1.0	-0.21	-0.21	0.0	0.07323899460245129	-0.05576829636596348	-0.004005365072085265	-0.21868116705304072	-0.16788753602219164	-0.01334363012126838	16.75232214620337	9301.264647525386	0.05270835636411852	1523479.029694179	1539649.1409958545
73.0	2.0	3.0	1.0	-0.0	-0.1	0.0	0.00785674345181825	-0.0185182412996453	0.0029081864652664713	-0.023667338176171678	-0.05519866188964073	0.009731654840981374	22.344938552123494	6167.60235534457	0.05089688324581642	1544709.73022627	1557300.9674394852
74.0	2.0	3.0	1.0	-0.1	0.0	0.0	0.022074174321781482	0.0057290636249756055	0.007517076371443165	-0.06547802967318192	0.017284298695644074	0.02177301899759798	16.586396188358776	8350.675573921762	0.05183646716640454	1562360.0793818915	1577033.9218295412
75.0	2.0	3.0	1.0	-0.0	-0.9	0.0	0.004537472978525147	-0.2857382605250456	-0.05014469825281276	-0.01432454295416569	-0.8559200106322455	-0.15258561684587246	16.99811135767959	11351.95922087587	0.05207533463878909	1582095.013213897	1600985.7941854424
76.0	2.0	3.0	1.0	-0.49	0.49	0.0	0.15496515662881474	0.14952449459955752	0.02750022430762966	-0.4642157151414261	0.44912376144940125	0.08131046921494667	16.426669651991688	11951.13352953922	0.050904806017723	1606046.4330113172	1624904.6323244837
77.0	2.0	3.0	1.0	0.0	0.3	0.0	-0.007636533125754354	0.08749391340711443	0.018221469443830407	0.021938521170094656	0.2640354653528131	0.054527077134420954	17.05208286875859	7935.061321491958	0.05039871086018559	1629980.5873924633	1644538.2864115383
78.0	2.0	3.0	1.0	0.3	0.0	0.0	-0.08607638523112748	0.0023419169429531594	0.0068298893721331355	0.2560604143640394	0.006928643008142554	0.020581222247779585	16.847136983415112	7301.452818501275	0.05050527541619372	1649599.4179098634	1663372.339669033
79.0	2.0	3.0	1.0	-0.21	0.21	0.0	0.06086270643376389	0.06259065594330793	0.01529137712675055	-0.1823615343862856	0.18767486000920686	0.04514169832921022	16.636356303934008	9317.984878493007	0.05096180944546688	1668416.2279961165	1684140.6319116796
80.0	2.0	3.0	1.0	-0.5	0.0	0.0	0.1513732980289145	-0.007191084446467988	-0.0022549843594851238	-0.45399041699245435	-0.021379037697970116	-0.005757857633273411	17.112253830418922	12668.78042963799	0.051728548139162105	1689217.9132932941	1708608.7684756638
81.0	2.0	3.0	1.0	0.0	0.3	0.0	-0.0019264335791873003	0.09449414861659511	0.01884218204012944	0.005326130907549811	0.2836119229440741	0.05497012588692529	16.65240190050099	8490.36480736686	0.05029026150728474	1713668.7242700718	1728593.1583075873
82.0	2.0	3.0	1.0	0.35	0.35	0.0	-0.10758590562881096	0.10375620623850734	0.029111931029227378	0.3207508219249515	0.31159231145124466	0.0874731242847524	17.01488629623782	10134.621745353797	0.051085494755054084	1733671.286823257	1750411.0766333616
83.0	2.0	3.0	1.0	0.21	0.21	0.0	-0.05836544718898416	0.05927328878330185	0.014448950942256733	0.17496686447266352	0.17691352668988136	0.04394195468074136	283.2199262920767	7073.491705712513	0.051253910875085844	1755489.1263797763	1768994.9109962182
84.0	2.0	3.0	1.0	0.0	0.9	0.0	0.0035074050071983447	0.28545271174129894	0.05973247272449489	-0.011234339040185367	0.8566818279596198	0.18043339894711707	22.57796423509717	12435.653002510662	0.05095783591493906	1774055.9983691783	1793414.0344914487
85.0	2.0	3.0	1.0	0.0	0.5	0.0	0.004224932536523579	0.15386199883775975	0.01911644769971166	-0.011800827223119086	0.4613594115982732	0.05698312657361426	5499.70662103442	7590.203002197086	0.051895075240921344	1798478.9749933116	1813070.4248105614
86.0	2.0	3.0	1.0	-0.3	0.0	0.0	0.09095190132332572	0.013338031077357426	0.004247476920740789	-0.2721435799513868	0.039431446307770734	0.010774016937548536	2200.609221763443	7985.366424691165	0.052040421183243576	1818130.125334268	1832748.9904955437
87.0	2.0	3.0	1.0	-0.0	-0.5	0.0	0.0025471467692092823	-0.1507201119836431	-0.012270682841236003	-0.008806734156230102	-0.45138347338519424	-0.036949379720778275	17.14398033800535	7401.921531985863	0.051297833009321954	1837810.4655153002	1852152.53700786
88.0	2.0	3.0	1.0	0.3	0.0	0.0	-0.08613105046033638	-0.0019482547854777765	0.00827720149539557	0.25929949104103317	-0.005974241450722784	0.024968935683256976	17.28401455329731	11102.011642535217	0.05148704384620475	1857212.1091668815	1874901.6394578503
89.0	2.0	3.0	1.0	0.3	0.0	0.0	-0.08525167224724667	-0.006871375289341786	0.010998928816694176	0.2556255396474509	-0.020096217490868873	0.03295100938439244	17.229678356670775	9985.293854871998	0.051338632277699386	1879964.0958111123	1896418.8685891859
90.0	2.0	3.0	1.0	0.3	0.0	0.0	-0.08465740691168461	-0.0009806422485322264	0.011217297627270306	0.2546519754800716	-0.002715341830590634	0.03314834515921994	27.02477984712459	8495.645993505605	0.05092195961433173	1901481.2593014212	1916354.1155289568
91.0	2.0	3.0	1.0	-0.07	0.07	0.0	0.021318688424313698	0.008298316450085053	0.007720320439486783	-0.0634705261693568	0.025380488453839445	0.022291197070348656	16.358475913875736	4985.649775160709	0.050689353182257535	1921395.693291517	1932554.5632008289
92.0	2.0	3.0	1.0	0.0	0.1	0.0	0.005513868378365686	0.018574628574208107	0.010920772106537524	-0.015473419107211726	0.056986287391943335	0.03372363469910444	16.884333555935882	6332.801519369241	0.05143536215860009	1937617.3047279445	1949937.5144729274
93.0	2.0	3.0	1.0	0.64	-0.64	0.0	-0.21181494063614706	-0.20122182395772054	-0.013632666514029612	0.6359303610120255	-0.602920978580999	-0.04318685282659329	16.93575237004552	11202.029256208334	0.0512875544694057	1955000.8846953134	1973073.459614534
94.0	2.0	3.0	1.0	0.9	0.0	0.0	-0.287055094364803	0.003102366129036027	0.0047435172045799945	0.8608739596322585	0.008433128000656431	0.013498118562698558	17.07432790135499	10101.858115449431	0.051167851551875185	1978136.3641502103	1994824.0178368578
95.0	2.0	3.0	1.0	-0.0	-0.9	0.0	0.0038822541428748655	-0.28367265633311084	-0.05180668039973779	-0.011549654607907755	-0.8507913840843266	-0.15509960173938275	22.65855684527196	13168.71351224836	0.05101588285403969	1999887.7067829454	2019292.4286345078
96.0	2.0	3.0	1.0	0.64	0.64	0.0	-0.21046201721430732	0.1979265714854146	0.036023431754067414	0.6318715907465062	0.595301070314141	0.10729208514547073	15.684561265516095	10383.044263580814	0.05045703024461157	2024356.0016147676	2041127.5168323629
97.0	2.0	3.0	1.0	0.21	0.21	0.0	-0.0605440028820743	0.05971574654171108	0.01699360036623987	0.18082277680691583	0.17807905359724774	0.05088924696733943	539.2907194182044	6834.398966966546	0.05220856200002202	2046206.9468639384	2059478.1172837538
98.0	2.0	3.0	1.0	-0.0	-0.9	0.0	-0.0032041005979230558	-0.2872884379841318	-0.0266056855115544	0.01042153363307634	-0.8603439580944979	-0.07844374456396053	8625.925219545024	11576.26777459518	0.05111563872938991	2064534.2903310375	2083496.2502557174
99.0	2.0	3.0	1.0	-0.64	-0.64	0.0	0.21157857156871585	-0.19787789241386833	-0.04166110933088696	-0.6349299303475813	-0.593957369977328	-0.12626508583198337	21.64732018718496	11029.337532425416	0.050556824308422746	2088534.9449180504	2106346.0985702258
100.0	2.0	3.0	1.0	-0.0	-0.5	0.0	0.005013141611621348	-0.1536284868982145	-0.019877671473243375	-0.016107610862749207	-0.4600114903081919	-0.06050277866784182	17.56298895634245	8552.099109205301	0.05090894553399341	2111386.8864523103	2126782.577191116
101.0	2.0	3.0	1.0	0.21	-0.21	0.0	-0.05483828397719727	-0.06181621028333739	0.004007568474876155	0.16512986812946523	-0.18528678448215052	0.01280091554135998	16.652037229505368	7785.934730200097	0.050505108838701275	2131821.077118366	2146115.7568758065
102.0	2.0	3.0	1.0	-0.49	0.49	0.0	0.16503296315619578	0.1457574319115661	0.01869780117496489	-0.4941601805349911	0.4384699588568729	0.05462853742281182	16.516014409717172	10816.15440522728	0.05186519376467271	2151168.2955976287	2169334.4848473063
103.0	2.0	3.0	1.0	-0.64	0.64	0.0	0.20157841250719752	0.20482279774504997	0.02424459601742368	-0.6045733911537311	0.6127528217358185	0.07232179446106024	4.8993741074809805	10452.500868836069	0.051041769246326314	2174385.3373238235	2191886.182452174
104.0	2.0	3.0	1.0	-0.35	0.35	0.0	0.10622577033281916	0.10934882690151626	0.02456870374610165	-0.3178033406120058	0.32671934048808504	0.07192080567639147	26.606500570778735	7217.710535420338	0.05211323743456171	2196949.302144596	2210703.522042808
105.0	2.0	3.0	1.0	-0.21	-0.21	0.0	0.06291741297026335	-0.05616840216683505	-0.012972927443323456	-0.18897882382579592	-0.16789019030263208	-0.037133476768056894	22.40146277472377	6483.080110876472	0.05193653911717626	2215749.950313373	2228621.5374808526
106.0	2.0	3.0	1.0	-0.1	0.0	0.0	0.021292387310560476	0.002246470744944773	0.003433450827835527	-0.06384479265810906	0.005930180395527063	0.010025690089366046	16.97076093114447	5934.814438267495	0.08514016198740014	2233685.2946206783	2246039.1457621153
107.0	2.0	3.0	1.0	-0.07	-0.07	0.0	0.019815312618910026	-0.007599088350090488	0.0017302693217754461	-0.06057886243175997	-0.023541758342433994	0.0056943556879173185	22.3092006490333	6116.502630931791	0.05108644805427983	2251078.955957419	2263555.6966027506
108.0	2.0	3.0	1.0	-0.07	0.07	0.0	0.016529076068273134	0.010707742749996751	0.005168926527861273	-0.050105136581975886	0.032382182438568496	0.015644110780654086	16.955809347564355	5483.603780478006	0.051220466522109695	2268603.5919505083	2280430.4903348964
109.0	2.0	3.0	1.0	-0.49	-0.49	0.0	0.15398164862059432	-0.1563944197454522	-0.027492631418277402	-0.4629807626160961	-0.4673705799163089	-0.08202012359793132	16.555763708311133	14152.782432414824	0.05136239271229043	2285498.6104157	2306276.0442668516
110.0	2.0	3.0	1.0	-0.64	0.64	0.0	0.20479817983352958	0.20316307403239198	0.03852127870606625	-0.6145240165948779	0.6089065751728747	0.11515184252698796	16.644379109493457	12234.464316250524	0.05118499955618325	2311310.868296001	2330809.935281577
111.0	2.0	3.0	1.0	0.64	0.64	0.0	-0.20499744939754375	0.19878427523291975	0.03594824139776842	0.6144744398154748	0.5975828580945061	0.1068376287481233	16.362122652935795	9351.199608194293	0.051172607906227484	2335861.0087495763	2352361.027894891
112.0	2.0	3.0	1.0	0.49	0.49	0.0	-0.14978828259965837	0.1590184370655341	0.05158077973605246	0.4473579528374936	0.47712004974374667	0.15414723735418623	4299.648783984594	6750.286541355308	0.05147062944001782	2357411.932154879	2371679.8974686973
113.0	2.0	3.0	1.0	-0.7	0.0	0.0	0.21730676338125843	0.001475464859775344	-0.0003202319370991802	-0.6528589990773715	0.0035524241928743816	-0.0006860334171570059	7944.682838919107	12961.571548541542	0.05147773523560947	2376748.2895951252	2396497.6079311892
114.0	2.0	3.0	1.0	-0.0	-0.7	0.0	-0.009032926324050243	-0.22095935968609426	-0.04467681086440911	0.027649056622879496	-0.6625220170489878	-0.13297756008235528	26.945281264488585	9877.167384998756	0.05236546410144219	2401552.3536505643	2418348.0459210114
115.0	2.0	3.0	1.0	-0.1	0.0	0.0	0.016007348116835077	0.0017616739766987966	0.005783962767999751	-0.0487341683690954	0.004961329194373421	0.017306111238309163	16.472983072162606	7490.300989695243	0.05153586355358618	2423409.8112200154	2436900.0410985756
116.0	2.0	3.0	1.0	-0.0	-0.5	0.0	0.0019468736964723266	-0.14998859229633654	-0.019136510261692385	-0.004125049590085876	-0.44993340761543743	-0.05635665827420511	16.977689709165134	12840.067070559599	0.051001073353137694	2441957.890180347	2461584.8645624793
117.0	2.0	3.0	1.0	0.21	-0.21	0.0	-0.06113482412692822	-0.058726550173154424	0.008099476615543	0.18256287126790538	-0.1770212516323424	0.024115321583868643	16.546282218769193	9568.474724743282	0.05157448300349478	2466634.9457567995	2482702.6409942047
118.0	2.0	3.0	1.0	-0.0	-0.1	0.0	0.008364237554690814	-0.01954440337862995	0.0036496040283544584	-0.02383031099475343	-0.0584066252208838	0.0116812451361048	16.66735346952919	6617.840796418022	0.05179819085894057	2487759.797927705	2500737.2987327254
119.0	2.0	3.0	1.0	0.7	0.0	0.0	-0.21940600140638708	-0.0011755786457959827	-0.004333336385163866	0.6573440338327095	-0.003688582305249599	-0.011626697184788926	16.540447453735396	12467.580803204328	0.05064475187748246	2505801.5882943003	2525020.7356391037
120.0	2.0	3.0	1.0	0.49	-0.49	0.0	-0.15568741438798459	-0.1564909837623738	-0.005453885709939765	0.4673859358996766	-0.46850187307995284	-0.016270102998439118	17.074692572350614	7117.108351842035	0.05184581533830052	2530079.142305025	2543756.177095143
121.0	2.0	3.0	1.0	0.1	0.0	0.0	-0.018509035478239465	-0.005154293223917694	0.008210794232082597	0.05536526006685691	-0.015430510398180552	0.023762618448136097	16.875946093932725	8634.901266763336	0.051332461743241874	2548822.411819463	2563745.9597029667
122.0	2.0	3.0	1.0	0.5	0.0	0.0	-0.15274455540730564	-0.0074332238764026615	0.011297114518937001	0.45710074164688685	-0.022137825261346666	0.03402867475388127	16.499604156706482	11619.042392077972	0.051411847409152195	2568808.311759916	2586975.413420019
123.0	2.0	3.0	1.0	0.49	-0.49	0.0	-0.15135946124343816	-0.15361302733315985	-0.015216321049849602	0.4530425669760013	-0.461680683112359	-0.04683916685749112	16.77201445272658	9483.602321794024	0.05219095073321278	2592027.8711845605	2608026.5014749165
124.0	2.0	3.0	1.0	0.49	0.49	0.0	-0.1681016911361364	0.15640492896959246	0.032472541390072385	0.5035605801162468	0.4663339215608442	0.09508299382002261	16.614111300441436	7483.363826031564	0.05059328174826527	2613091.505065109	2627159.9179778714
125.0	2.0	3.0	1.0	-0.5	0.0	0.0	0.15339265300276986	0.00352026639855596	0.00041014419774754174	-0.4591097729804242	0.011370031034974803	0.0007268848706516451	32.816142731462605	10917.621591812349	0.05199875762772747	2632198.39237805	2649701.6202760716
126.0	2.0	3.0	1.0	-0.21	0.21	0.0	0.0555319704575607	0.0677381818310846	0.014611966124964959	-0.16630458791053165	0.20344113040825984	0.04488877088576693	22.446317481808364	6551.059428122244	0.052488400397927154	2654756.7332205945	2667862.306983443
127.0	2.0	3.0	1.0	0.35	-0.35	0.0	-0.11561917383507983	-0.0963793351094574	-0.0013888151369684243	0.34653382876951666	-0.2904327762712634	-0.004257999542285451	16.9667495356407	10568.542189139407	0.05059889887750602	2672929.7123062713	2689987.0410004808
128.0	2.0	3.0	1.0	-0.7	0.0	0.0	0.21904142843609392	0.0024963226937855243	-0.002671885252168882	-0.6576098244118661	0.006550259147760529	-0.007420553902535487	30.176643675076775	13379.179100476904	0.051664665663387	2695051.384533581	2715204.4856896973
129.0	2.0	3.0	1.0	0.64	0.64	0.0	-0.20253086759230432	0.20281713281595704	0.03756199893185419	0.6070746943997567	0.6078040129764258	0.11158734721900043	16.88615692546591	11883.99624095473	0.051860942621067746	2720280.7281195563	2739316.461641749
130.0	2.0	3.0	1.0	0.0	0.3	0.0	-0.01356502600316246	0.08314385852256068	0.01538493324177681	0.040371385273764576	0.24988474539769412	0.046933009842061946	7760.999888050719	8495.376865263097	0.05123885802627062	2744383.4913519677	2759267.8588294657
131.0	2.0	3.0	1.0	0.1	0.0	0.0	-0.020774634305917253	0.0034885358786456155	0.008675553520995472	0.0615794096255894	0.010433238362364317	0.026438654154197216	8017.086362087866	8161.1286903353175	0.05056048890524214	2764322.9418708505	2778819.0302120056
132.0	2.0	3.0	1.0	-0.35	0.35	0.0	0.10163024414111792	0.1123446981204963	0.015271711299278956	-0.3053115329797933	0.33596590833360307	0.04622712748904767	12234.182059793966	13652.213725770707	0.0511122579509421	2783877.0477724466	2803986.5592682036
133.0	2.0	3.0	1.0	-0.9	0.0	0.0	0.28646334088486997	0.003522432981931334	-0.010177431906662204	-0.8584836829945857	0.010502560398649607	-0.029433646143424474	342.44674049841706	11594.007264997344	0.051623136116559616	2809030.4435838917	2827337.4004033976
134.0	2.0	3.0	1.0	0.5	0.0	0.0	-0.15616046758377644	-0.005402906508567784	0.007387215991411122	0.4669924161670041	-0.016597150808570715	0.021154552529051407	16.956538704107516	8700.76183717174	0.051260614194351024	2832382.894747876	2847623.6810253905
135.0	2.0	3.0	1.0	0.64	0.64	0.0	-0.20450261383858961	0.20029498807366186	0.055684657053426956	0.6128928253178955	0.5995578240045218	0.16847306019667363	17.0849034038838	10084.833747663652	0.05140306343084001	2852689.680536001	2869441.3586673616
136.0	2.0	3.0	1.0	-0.64	-0.64	0.0	0.20203260089035122	-0.2018533182738007	-0.045420627145843495	-0.6072630965196558	-0.6065310330285709	-0.1353463401237287	7659.860177285736	12044.279620604357	0.051782781979281406	2874505.5709183943	2893132.0508047063
137.0	2.0	3.0	1.0	0.1	0.0	0.0	-0.02179157329988298	-0.007328092791747731	0.004827600518771624	0.06453311878676965	-0.021401631450941982	0.013246820782682467	26.800870982697234	6395.149564923486	0.051169595035190134	2898192.710416901	2910810.423577961
138.0	2.0	3.0	1.0	-0.5	0.0	0.0	0.15343830662621608	0.0019201280446865532	-0.0025709071489018465	-0.4588583025678954	0.006375400331933401	-0.008353600366366787	16.816869159811176	14274.442990208627	0.052135099452535215	2915860.962071514	2936661.9005195387
139.0	2.0	3.0	1.0	-0.07	0.07	0.0	0.016050213666850957	0.01109417576970606	0.008275992980781188	-0.04844196446270331	0.03247329546981126	0.02459909361389312	16.783319297246635	8153.45233566768	0.05190505494594571	2941729.4280076455	2955868.886768105
140.0	2.0	3.0	1.0	0.3	0.0	0.0	-0.0825670941742557	-0.0037390050016635756	0.005511070420300634	0.24747469760776122	-0.011378861372852045	0.017860746165914487	16.46094887109939	10183.93275148992	0.05208253258721947	2960921.9848974464	2977429.7810470164
141.0	2.0	3.0	1.0	-0.64	0.64	0.0	0.20664206313330102	0.2026378631471143	0.02511644159601034	-0.619343542475602	0.6072014654227529	0.0758986495763121	16.634897619951516	13116.64193579054	0.052203132612692604	2982473.087721577	3002565.7447869163
142.0	2.0	3.0	1.0	0.49	-0.49	0.0	-0.1661316108284646	-0.14817095400357871	-0.016265391012541097	0.49858904812682747	-0.4433475681621337	-0.049070835431763826	26.694386629969813	11595.06481506105	0.05235222950952763	3007620.2647740575	3026416.989796824
143.0	2.0	3.0	1.0	0.21	-0.21	0.0	-0.06726879283706995	-0.05438384527167173	0.006324480048741643	0.2006410846626076	-0.16243941179642485	0.01695924925586101	16.66224804648664	8901.253269737936	0.05196448242264115	3031471.3540688534	3046783.9622170143
144.0	2.0	3.0	1.0	-0.35	0.35	0.0	0.10851062672032058	0.10569418917449569	0.019242261386980153	-0.3247226483216548	0.316855982608481	0.05726901350403957	16.585302160819992	11902.443560553365	0.0520132421464976	3051822.044229659	3070202.961723611
145.0	2.0	3.0	1.0	0.35	-0.35	0.0	-0.10854284493728322	-0.10757860312070233	-0.007237891203235813	0.324981149340404	-0.3220884238906614	-0.020340361639004767	22.308835963485762	10184.20333841641	0.05188025661184486	3075274.3299417486	3091754.154257156
146.0	2.0	3.0	1.0	-0.64	-0.64	0.0	0.20875748579521577	-0.19744312991076762	-0.04795134813462609	-0.6265314115742255	-0.5921999126380137	-0.1433962737469774	16.867923302925192	15618.194164009765	0.05274847691495379	3096810.4600452064	3119655.348814646
147.0	2.0	3.0	1.0	0.0	0.5	0.0	0.0027095973635105357	0.1544305543382919	0.02943110704197538	-0.009488301580567545	0.4635506172034539	0.08897997711127748	16.69288052653428	11057.430802495219	0.051537125740719766	3124710.8738390086	3142272.7078787866
148.0	2.0	3.0	1.0	0.7	0.0	0.0	-0.21724693201598774	0.0006710711478858933	0.008919807736239349	0.6517084267743908	0.002757706735820209	0.026988308537168493	27.4704095791094	9778.9731334924	0.05232737517816051	3147316.072900925	3163693.0610494455
149.0	2.0	3.0	1.0	-0.0	-0.3	0.0	0.0014231000069443436	-0.08829762089040827	-0.0028066468300241842	-0.0027479441629352764	-0.26524892468051997	-0.008374163424382464	17.073233888368122	6617.674870460178	0.052284314640447055	3168755.737664862	3181709.1580552226
150.0	2.0	3.0	1.0	0.0	0.7	0.0	-0.006635748557253053	0.22140391928932213	0.03949889982442223	0.019939614945331523	0.6641146500472498	0.11643673151721268	16.860994524904527	8318.216080821003	0.05200977188733709	3186776.8638681443	3202010.1306001307
151.0	2.0	3.0	1.0	-0.0	-0.9	0.0	0.0014759266614141923	-0.28364331250764685	-0.04772967116817384	-0.0032948554092126015	-0.8516096922679586	-0.14442499427815392	6917.439984943485	9518.30236231035	0.051971904460965564	3207045.646777551	3223160.514946649
152.0	2.0	3.0	1.0	0.07	0.07	0.0	-0.008252015441167385	0.018634895845686672	0.011689735255855815	0.02491789269136364	0.056196010999210455	0.037129173723621456	16.916424734517932	7051.424282879452	0.052230383290111246	3228217.4333843724	3241246.119976495
153.0	2.0	3.0	1.0	0.49	0.49	0.0	-0.156459969682383	0.14757167790444903	0.03344260013720213	0.46976834033001635	0.44362137337337093	0.100648239871437	17.21326808910817	6617.242733627791	0.05249655142288974	3246308.0905860844	3259362.0715873837
154.0	2.0	3.0	1.0	0.0	0.1	0.0	0.003588013130199471	0.019731053241840435	0.01023718623624803	-0.011864594692055943	0.06009949938554515	0.030940444037194537	16.7931654577842	4683.27360607509	0.05165784294209527	3264414.641671043	3275063.1660058135
155.0	2.0	3.0	1.0	0.07	-0.07	0.0	-0.013492665571067462	-0.012642044220626425	0.007684986648228698	0.039765872694612056	-0.03786139411473488	0.023329622338826628	17.041872051777318	8251.712228229735	0.05241783229046545	3280132.194485632	3294649.38459704
156.0	2.0	3.0	1.0	0.9	0.0	0.0	-0.2856900777823567	0.006788786166792238	0.005971166552081408	0.856487586422769	0.019524757387497593	0.0175930601964136	22.640687879174948	12318.481197668007	0.051747480744320645	3299704.004139756	3319066.388616091
157.0	2.0	3.0	1.0	-0.7	0.0	0.0	0.22041058828555748	-0.00040551794341792124	-0.009921342794089294	-0.6612317648566726	-0.0014107694716872787	-0.030771123827449842	16.379626918933354	12851.009066856932	0.05222300875320543	3324130.34632575	3344307.687623048
158.0	2.0	3.0	1.0	-0.21	-0.21	0.0	0.059848646147194394	-0.05746168412314567	-0.01187033493571188	-0.18116440212019735	-0.1729029607465935	-0.03634343785817706	16.64146172697656	6017.300060135312	0.052241927260073394	3349366.4385397425	3361769.7024309454
159.0	2.0	3.0	1.0	-0.07	0.07	0.0	0.014411292607338965	0.015893140687858742	0.009385238422020326	-0.043687047652028986	0.04703203659213062	0.028796594185722224	16.701997359632514	7817.556570735178	0.05108744524760353	3366826.261666327	3380953.9382252116
160.0	2.0	3.0	1.0	-0.3	0.0	0.0	0.08718059178664396	-0.0029734889452935898	0.00040203250153414416	-0.2614122982656428	-0.008532035553013406	0.0012518745702925216	16.635262305499054	9156.142159525189	0.053266644259720886	3386038.2428331794	3401654.2682902366
161.0	2.0	3.0	1.0	0.0	0.7	0.0	-0.0027998213187147686	0.22269954909693856	0.04127119249237432	0.007784447758270897	0.6665772914329184	0.12298959029470136	16.68522240652237	14636.258577549597	0.05253295665525309	3406694.8264286765	3428295.7890909603
162.0	2.0	3.0	1.0	0.64	0.64	0.0	-0.20549153398935127	0.1995016732851459	0.04195032272810606	0.616506971241626	0.5967894483561066	0.12640029297259925	17.05171821231488	8901.010397908976	0.052168504158576295	3433340.6715151067	3449007.628947249
163.0	2.0	3.0	1.0	-0.49	0.49	0.0	0.1481054644892792	0.16658746515022205	0.047149871061039295	-0.44412217782640356	0.4991150099792202	0.14231937743122958	10249.756489982246	12883.722371960175	0.0525185227520465	3454050.36454479	3473825.5377915483
164.0	2.0	3.0	1.0	-0.0	-0.9	0.0	0.0005229450361241641	-0.28611323050601734	-0.07014104219143069	-0.0015040965612279319	-0.857627567499462	-0.20886670634082904	43.38070307858288	14545.385125093162	0.05248880986730126	3478885.3925716975	3500844.2309003733
165.0	2.0	3.0	1.0	-0.21	0.21	0.0	0.05922470897752429	0.05874554014697253	0.013605468833206347	-0.17835388167759084	0.1762689897144898	0.04246438086446225	16.54591754777357	10151.522489177296	0.05202998016582933	3505904.0007118313	3522911.783915537
166.0	2.0	3.0	1.0	0.0	0.7	0.0	0.0041046785272507895	0.21975981914603848	0.03141524376262317	-0.012572989770330611	0.6585673334195251	0.09406262302510915	16.423022927483544	8502.027396374615	0.052553967025841634	3527965.8225350725	3542912.3046677704
167.0	2.0	3.0	1.0	0.07	-0.07	0.0	-0.023546113088692016	-0.009549414769082887	0.004600241092284296	0.07024990798320868	-0.028971937042971296	0.014075385670993423	49.348932079738006	5684.4617088499945	0.05221065464492986	3547972.3501715926	3559896.3845281107
168.0	2.0	3.0	1.0	0.7	0.0	0.0	-0.217301700826872	-0.0012844041435530196	0.0026717021436395427	0.6517432561127545	-0.004532967175676861	0.007648889905397915	39.6216596418526	11706.552470714087	0.05215143615019586	3564954.175626961	3583330.7425788227
169.0	2.0	3.0	1.0	-0.7	0.0	0.0	0.22111314394687978	-0.005158220695783422	-0.007669495689558881	-0.663533647482073	-0.016510478841663234	-0.022688047608846018	49.979815375991166	13553.236887193634	0.05270452258870967	3588393.4308637544	3610053.0693202163
170.0	2.0	3.0	1.0	-0.49	-0.49	0.0	0.15944814564606263	-0.15382402320601785	-0.04618115510818499	-0.4788299760417722	-0.46156917743877046	-0.13854346532455497	15.74692023859825	9350.116166402586	0.05259456062844379	3615105.196326869	3631201.780549614
171.0	2.0	3.0	1.0	-0.07	-0.07	0.0	0.01821939521831452	-0.009969382356217249	0.004034406042367267	-0.05605006441855169	-0.028710483946477128	0.01214899519279189	26.157588814385235	8017.090008812374	0.05160651758803183	3636274.7471270123	3650602.851300806
172.0	2.0	3.0	1.0	0.35	0.35	0.0	-0.10421219435327254	0.10649661915044684	0.025304029907470493	0.31357529199341366	0.3203638278377925	0.07522543373706014	27.004358198610134	7862.092191367992	0.060072213209515335	3655661.0873000175	3670137.271090556
173.0	2.0	3.0	1.0	0.49	0.49	0.0	-0.15210889624469967	0.14992283951193364	0.02886850080086234	0.4576861982241348	0.4510632894786921	0.08633084000844649	16.963832153123803	12317.03636549355	0.059630656514849605	3675198.322360942	3694370.5571501777
174.0	2.0	3.0	1.0	0.1	0.0	0.0	-0.01848531095866274	0.00033030901522546063	0.007759639886863123	0.05490565522525938	0.001152773413538033	0.02424023804008124	17.00321678072214	6452.602247780305	0.0590026419971147	3699409.0603594813	3712189.480513174
175.0	2.0	3.0	1.0	-0.0	-0.7	0.0	0.0028822464369388694	-0.21926310616924005	-0.0548560006105816	-0.009714925338702024	-0.6569800866684132	-0.1632862439924223	26.80743507517036	13812.714450177737	0.059060016230755075	3717250.3129801042	3738330.27215139
176.0	2.0	3.0	1.0	-0.35	-0.35	0.0	0.10368824371171532	-0.10691855910534265	-0.022933430991279646	-0.31032023784298335	-0.320982262231034	-0.06916650949935965	16.831456057843752	15520.130465214606	0.059199343056206805	3743377.055248231	3765374.508740642
177.0	2.0	3.0	1.0	0.21	-0.21	0.0	-0.06019950317729945	-0.059593835225646874	0.0013874601356153038	0.1801777089754588	-0.17784279674334424	0.004025049209775644	16.734817865653895	7483.105637933477	0.05853406994059285	3770414.3342521857	3784293.4577401173
178.0	2.0	3.0	1.0	-0.5	0.0	0.0	0.15081024962078537	0.011518230517108763	-0.012034564736586928	-0.4544700130974102	0.03439284518346464	-0.03569170061854998	22.23808952840045	13984.457296319306	0.05928110091586566	3789336.836984483	3809828.316595478
179.0	2.0	3.0	1.0	0.0	0.1	0.0	0.0006777176387341587	0.01878666026379905	0.013013577477510196	-0.0030689696705156104	0.05571259531995154	0.037255426870617114	17.283285211306065	6435.115110682091	0.058692148866350526	3814861.4277582094	3827280.775162304
180.0	2.0	3.0	1.0	0.5	0.0	0.0	-0.15252889835905797	-0.004728292004201218	0.012538313877905494	0.4574572179828848	-0.013537490541158381	0.03724872510819577	21.944163541775197	11200.990669123712	0.058867815954955466	3832337.5568478657	3850130.2536989534
181.0	2.0	3.0	1.0	-0.64	-0.64	0.0	0.2109159034842407	-0.20110975721672597	-0.044071479362344124	-0.6327153411791497	-0.602843732546594	-0.1324891004811729	16.730806470150128	9882.24508393614	0.059882072127285794	3855186.6047063814	3872529.8905581585
182.0	2.0	3.0	1.0	-0.64	-0.64	0.0	0.2073595733990135	-0.2015884081388954	-0.03490799114994114	-0.6207839492541494	-0.6033409763795055	-0.10458664225275316	16.714760873583145	10550.859222945292	0.05998469885795343	3877558.280306912	3895764.602122319
183.0	2.0	3.0	1.0	-0.0	-0.1	0.0	0.010501438263864639	-0.0224011341962026	0.004294877546197284	-0.03179563825374452	-0.06684734057931296	0.013845951018083724	15.62110825034324	7384.2947253288	0.059635428584699515	3900794.6967147	3914483.122048201
184.0	2.0	3.0	1.0	0.21	0.21	0.0	-0.05794815546180012	0.061283312774544796	0.01953214007768067	0.1740063127532615	0.18310544503147153	0.057406216525099696	22.705599578330293	8517.792914921301	0.059632698305817605	3919525.836859408	3934568.8948273747
185.0	2.0	3.0	1.0	-0.35	0.35	0.0	0.10242352440240843	0.11114609413143228	0.011803451590606362	-0.30820928214082133	0.33237009636641135	0.032892616158864185	22.600573909585364	11151.288004781236	0.05970809614198445	3939630.317698975	3957353.4029590227
186.0	2.0	3.0	1.0	-0.9	0.0	0.0	0.2841532278321756	0.0007309845153093963	-0.007624219119708453	-0.8526862684115327	0.001383721706621266	-0.022552217899294735	22.53274485701695	12518.105439201463	0.05930560873759741	3962400.144118539	3981671.4946865393
187.0	2.0	3.0	1.0	0.07	0.07	0.0	-0.010909286794972897	0.016670982963597147	0.012206576638290056	0.032177582734189844	0.048750547221472096	0.035795742732448566	16.781860613264143	5308.192694370518	0.05961805301482263	3986735.1533648036	3998022.094043903
188.0	2.0	3.0	1.0	-0.49	-0.49	0.0	0.15664694755424538	-0.15028011860594526	-0.02792561532019544	-0.47045875103989254	-0.4507756172706914	-0.08482971847145837	22.49226620187983	10484.682481532218	0.05959644948987675	4003081.1188296066	4020330.357849409
189.0	2.0	3.0	1.0	-0.0	-0.7	0.0	-0.0041223996255564475	-0.21992925287164988	-0.03445866178393675	0.014082770376000362	-0.6598848664356665	-0.10241466697231838	17.741678457241505	8918.846891188878	0.060259363859826484	4025387.5450507184	4041541.1680530813
190.0	2.0	3.0	1.0	0.5	0.0	0.0	-0.15263121547486838	0.005393066249379519	0.002526466773330349	0.45837918552818946	0.01569365964455427	0.006984298466019889	16.593689637375064	13419.256235982175	0.060087466690378025	4046611.0228806357	4066875.171897467
191.0	2.0	3.0	1.0	-0.9	0.0	0.0	0.2852435501272813	-0.0016186406306596401	-0.01185915312445407	-0.8545977258068143	-0.0050177682598405715	-0.03557745937336221	17.343820829410106	14985.619142680662	0.05942720072561339	4071942.4590664273	4094161.289510885
192.0	2.0	3.0	1.0	-0.35	-0.35	0.0	0.10727258832424343	-0.10429753270613384	-0.02105898222340241	-0.32204434988773634	-0.3125365361091067	-0.06276495307899643	16.600253744400106	15334.579297472374	0.059441429863918656	4099232.4542418066	4121179.5672578155
193.0	2.0	3.0	1.0	0.0	0.3	0.0	-0.006489745869829475	0.08994812583392864	0.02054249484993209	0.0193721297887715	0.2689704071153346	0.06116971389289538	16.501062840688974	7084.525599449989	0.05952204610415817	4126244.233161342	4139747.2597601735
194.0	2.0	3.0	1.0	-0.64	0.64	0.0	0.1994784968852752	0.20623341184419242	0.03174702372764937	-0.5985325984765425	0.6190562975418727	0.09537840238001838	27.13709896488581	11811.279464163817	0.059800157334085426	4144821.6285030795	4163698.1289022225
195.0	2.0	3.0	1.0	0.35	-0.35	0.0	-0.11125705168535072	-0.10377157516961633	-0.00562537880532743	0.332282168471727	-0.31163841824457195	-0.016601474021841756	26.87489948584698	10712.532004574314	0.05996490430453192	4168753.6101658917	4186232.2711762534
196.0	2.0	3.0	1.0	0.35	-0.35	0.0	-0.10804678366183641	-0.10590356658369715	-0.0034789288167892396	0.3249819520983886	-0.31842282376968145	-0.00988746166208665	15.739262133138254	6784.292610245757	0.05992508888048887	4191288.051471318	4204617.507485804
197.0	2.0	3.0	1.0	0.9	0.0	0.0	-0.2847227457791163	0.001476919319121972	0.0010463111313215867	0.8539740216959151	0.0032007255616191	0.0024980544743035127	27.947401104029268	10799.461160015198	0.05935287704545575	4209687.174142382	4227585.27664232
198.0	2.0	3.0	1.0	0.9	0.0	0.0	-0.28720003965595664	0.00506695660789469	-0.0002810955979182239	0.8592371619970932	0.01465059217295539	0.0005758022426380904	17.114441870944574	13857.875119385426	0.05889917403861637	4232655.479367372	4253776.336551804
199.0	2.0	3.0	1.0	0.0	0.9	0.0	0.0014604109896152275	0.2863792541439186	0.06776305180422726	-0.0038956938652613955	0.8580695764038707	0.2039758113980331	22.73222066287417	15585.002043982968	0.05960389157149668	4258852.530115561	4281570.8549416885
200.0	2.0	3.0	1.0	-0.9	0.0	0.0	0.2847056763821854	0.0017727011092155687	0.01770183871200237	-0.8535667514958274	0.004832564224062752	0.053563286792908005	117.62618669308722	15918.101865419885	0.060792463620926454	4286618.958152743	4309306.186995992
