TN	hand	digit	Corr	TargetX	TargetY	EnsPercent	RawX	RawY	RawZ	ForceX	ForceY	ForceZ	RT	MT	EnsForce	measStartTime	measEndTime
1.0	2.0	1.0	1.0	-0.0	-0.3	0.0	0.001323099452146058	-0.08968326425294149	-0.004486678873873995	-0.004292991092160976	-0.2693734854945474	-0.011995170519539133	200.7824397442164	9084.13889327494	0.002375219947919165	0.06017083069309592	14002.208452206105
2.0	2.0	1.0	1.0	-0.35	0.35	0.0	0.10567326459709275	0.10548512358933104	0.01998754100864275	-0.3170197937912784	0.31787961880517346	0.06009995422299852	16.587824633461423	15852.177746855887	0.0008840099693878034	14254.072654279298	35352.97017858829
3.0	2.0	1.0	1.0	0.21	-0.21	0.0	-0.0527728243680171	-0.0604389149564486	-0.010851979858069738	0.15877164293406337	-0.18183465324650228	-0.03315104142818037	16.63559662119951	14284.835999802453	0.001253567950416214	35604.592238611076	54803.91416793282
4.0	2.0	1.0	1.0	-0.21	0.21	0.0	0.061405207906004775	0.05597281298921919	0.004932066834531401	-0.18418325444444195	0.16788606969408504	0.01497930876635456	16.441955929622054	13534.678461612202	0.0011262274694989623	55056.038745635306	73971.65296958701
5.0	2.0	1.0	1.0	0.35	0.35	0.0	-0.10093862174143284	0.11528875152738116	-0.022833310444796417	0.30226558757356947	0.34583388530857095	-0.06740128175782711	483.1510703806998	15484.76984834997	0.18935605052404422	74217.99458243186	95056.31881355657
6.0	2.0	1.0	1.0	0.0	0.1	0.0	0.0013282245871282274	0.017615018800664184	-0.00024596780347119207	-0.0024309486299150633	0.052780317854847825	-0.0021112153811162493	5416.925218945835	5618.990209288313	0.05468704991169584	95308.38394977036	105412.70450792217
7.0	2.0	1.0	1.0	-0.35	0.35	0.0	0.10037843909299055	0.10857434995124904	0.026979522392616584	-0.3049872608340734	0.326143850410187	0.08235765621424251	11867.381642121472	16251.536362149636	0.05407137893657042	105660.3647738666	127191.2356975663
8.0	2.0	1.0	1.0	0.1	0.0	0.0	-0.017942698351915976	0.008068861459488041	0.0050251773861316185	0.05447548052719353	0.022717597794139066	0.011642252231638173	16.91529987147078	10332.856707333121	0.05410633794523783	127444.01267306239	142642.0352768764
9.0	2.0	1.0	1.0	0.35	0.35	0.0	-0.10082703406567135	0.11013440867058222	-0.014627222095051629	0.30354928822489957	0.3305003338324636	-0.04470565346757649	4200.1727085444145	26702.250243601156	0.05418317781742774	142894.70832092047	174944.05716302572
10.0	2.0	1.0	1.0	0.0	0.1	0.0	-0.003656816179129361	0.02486495921828835	0.0011980697337441448	0.011617834008833854	0.0730411525233956	0.003914648661063058	6533.663215406705	6550.950480494066	0.0540114564751163	175196.30427044467	186567.24401499378
11.0	2.0	1.0	1.0	0.3	0.0	0.0	-0.08390469613993799	-0.0006054133133853723	-0.007813801785278685	0.2518435655141031	-0.0018809784873005109	-0.02362451361859641	7617.055990252993	11351.312016078737	0.05412052148628	186813.98312006786	203929.86924327852
12.0	2.0	1.0	1.0	0.21	-0.21	0.0	-0.05550749928674028	-0.07185007654840414	-0.015244823376781236	0.16632828221878715	-0.21451441289089912	-0.04550558480189326	10483.81477300427	16651.635261136107	0.05350738841928429	204181.3851838233	225896.43175969832
13.0	2.0	1.0	1.0	-0.07	-0.07	0.0	0.01618064997061361	-0.011269076665614275	-0.001760288395468601	-0.04838010354397934	-0.034228030553282385	-0.005509750514856249	11267.820779874455	17934.793406151584	0.05345286954344651	226149.4731222192	248597.89467694645
14.0	2.0	1.0	1.0	0.0	0.5	0.0	0.005231964374824505	0.1512657155112639	0.014428603036603205	-0.01453059927587126	0.45204920576088803	0.043194254978429436	5716.726254031528	20818.622474282165	0.053768640177170354	248851.34374251356	275098.90408840147
15.0	2.0	1.0	1.0	0.0	0.9	0.0	0.008303058548663124	0.2875682649592779	0.007699229419442677	-0.024747329278128054	0.8623487328685389	0.02268569466711723	16.54005263117142	9184.74782218982	0.053486128163832934	275352.5668516231	291016.7515622452
16.0	2.0	1.0	1.0	-0.64	0.64	0.0	0.20077668278652847	0.20482233486443868	0.021153978790017902	-0.6013266008788445	0.6148230666026109	0.06323305104160326	16.540417302167043	17734.94051473972	0.05378499443797103	291270.1163886377	315484.68560917536
17.0	2.0	1.0	1.0	0.1	0.0	0.0	-0.01731302426799325	-0.0006787674821803202	0.008156816968103886	0.05200381135112431	-0.002618949370842172	0.02341757839343961	16.681909939507023	8484.568914209376	0.053839926716789346	315738.13358071493	329069.0123083914
18.0	2.0	1.0	1.0	0.0	0.1	0.0	0.0014745930473429626	0.015161886428587179	0.011244045166767469	-0.004941687519185372	0.046650953134363626	0.03364058136892223	16.259620038908906	9450.880536445766	0.05461281953956583	329322.56858746405	343253.25870689994
19.0	2.0	1.0	1.0	0.0	0.7	0.0	-0.00017232322274124412	0.2133881024374139	0.005549340047362072	0.0007435545832299439	0.6410382776986937	0.01701423666760693	16.630126556265168	18286.072601767955	0.054392901427446946	343506.9593959779	368270.90335030516
20.0	2.0	1.0	1.0	0.49	0.49	0.0	-0.15063674276160802	0.15830623212375305	-0.018213260089964933	0.45239576738840837	0.47501580419197575	-0.05624197756904792	6383.474971851683	11968.598114210181	0.053951790819361134	368524.83305326314	386972.1463704918
21.0	2.0	1.0	1.0	0.64	0.64	0.0	-0.1973939156672207	0.21864475377821713	-0.022248569466643886	0.5927643939259631	0.6554163529574946	-0.06665415426855148	49.37838051409926	12151.243238986353	0.05479082072869386	387225.8138744364	405006.6698465962
22.0	2.0	1.0	1.0	-0.0	-0.1	0.0	0.009053205673942796	-0.02512457158210435	0.004203074692969544	-0.026803555012533387	-0.075147129831307	0.013799427786850949	16.613716317806393	8301.07373953797	0.05489723786569056	405259.9606446165	418323.9262604475
23.0	2.0	1.0	1.0	0.35	-0.35	0.0	-0.12160101343328673	-0.10343717899408844	-0.029851834897332674	0.3637024849984027	-0.31005258279368675	-0.0917528038451223	16.259620038908906	23751.955370011274	0.053920748481819394	418577.93983790907	447392.3758803139
24.0	2.0	1.0	1.0	0.7	0.0	0.0	-0.2245516768506991	0.009200162175952653	-0.016797886625406155	0.6736550305520972	0.027471009433568505	-0.05016477454776802	16.58053119899705	15268.543194644735	0.04964340217970862	447646.2063925428	468560.15114914044
25.0	2.0	1.0	1.0	0.5	0.0	0.0	-0.15217633870516348	0.005106015531346819	-0.02071190203702189	0.4562700619269122	0.01512383095260661	-0.06154060425709451	16.600952818407677	36952.76698349335	0.05137781302993355	468814.3652960716	511295.7141585939
26.0	2.0	1.0	1.0	-0.0	-0.3	0.0	0.006296125823028841	-0.08560368378145045	-0.012557854581467076	-0.019600501487676857	-0.25842951502296585	-0.038405996795442654	16.55281614512205	5217.663460469339	0.0506170883650221	511549.8353142175	521613.01761509094
27.0	2.0	1.0	1.0	-0.0	-0.1	0.0	0.002906712212880365	-0.024533562595465797	-0.006210574502127697	-0.008817244459357852	-0.07091403807989771	-0.016434424353258814	27.079066683654673	7712.16238688794	0.05183900266950868	521867.2219158907	534313.6509040924
28.0	2.0	1.0	1.0	0.21	0.21	0.0	-0.05416235096441287	0.07027969203078965	-0.012510025177347783	0.16154834395964224	0.21177778502596534	-0.03766740672911362	16.835801434353925	8134.5908674556995	0.05175459789308912	534567.9485608562	548097.8078850749
29.0	2.0	1.0	1.0	0.9	0.0	0.0	-0.29151165710710725	0.00961065311876208	-0.040317853055577335	0.873207831104858	0.02970592974273789	-0.12196065461191397	16.635596635751426	14001.65378645761	0.051508933682218504	548352.0734507183	568648.9392427611
30.0	2.0	1.0	1.0	0.64	0.64	0.0	-0.19930673472994362	0.21533736930217895	-0.04979575799187186	0.5975317729069634	0.6460121079065368	-0.14833440146474353	16.607516910880804	17601.90023164614	0.052249150086714366	568903.9760891901	592983.4143633925
31.0	2.0	1.0	1.0	0.35	-0.35	0.0	-0.11932782185300489	-0.1001932652686488	-0.02869519340806681	0.3587279588511772	-0.30190693602241014	-0.0849411535819482	16.60970493685454	14118.160945698037	0.04971154527074013	593238.0486121983	612701.3301767292
32.0	2.0	1.0	1.0	0.07	0.07	0.0	-0.006638096408562976	0.019767947739857572	-0.0051668116273488884	0.0191374266599542	0.06014544433245217	-0.01426445410841426	16.794958195532672	9134.667083853856	0.05047253276874618	612956.2878893921	626568.8310665282
33.0	2.0	1.0	1.0	-0.0	-0.5	0.0	0.008023485132819115	-0.15261926366009926	-0.01424163424121927	-0.024038086124884984	-0.4585375457253159	-0.0431826733805587	16.594388711382635	8307.195484478143	0.05129534104460273	626823.1491449114	640136.1600500531
34.0	2.0	1.0	1.0	-0.07	-0.07	0.0	0.016396423548246192	-0.008189064756909725	-0.00354708171203022	-0.04999850248404583	-0.024923256280024342	-0.01064124513609066	16.58308389596641	4767.644278734224	0.05052808728280705	640390.8347774268	649803.315741563
35.0	2.0	1.0	1.0	0.35	-0.35	0.0	-0.10895089631583885	-0.11720111202540562	-0.038341657129737805	0.32526659454247475	-0.3508588427840543	-0.1142467612724819	16.643254726659507	22085.34996819799	0.049137946032697076	650058.4218756267	677271.603520101
36.0	2.0	1.0	1.0	0.0	0.7	0.0	-0.002794612023621454	0.2262739218152494	0.010317410544015138	0.006376941109382986	0.6772680403142788	0.03104378576342559	16.549169420613907	15985.383590930724	0.051484113420333884	677526.5094493661	698872.8035819513
37.0	2.0	1.0	1.0	-0.0	-0.3	0.0	0.004324659031472104	-0.08263319330988006	-0.001558213168503686	-0.013330039103711479	-0.25116887656044073	-0.0067346074615650675	16.596576751908287	7201.098974837805	0.050881050298197415	699127.9020579095	711156.793178583
38.0	2.0	1.0	1.0	-0.1	0.0	0.0	0.016968086499048338	-0.003597094869400186	0.004710391393933477	-0.051422167874301664	-0.010726546061056164	0.013536072327829274	17.278148283367045	7784.404228441417	0.050808645744556034	711411.7425037985	723707.7436590771
39.0	2.0	1.0	1.0	0.64	-0.64	0.0	-0.21277336137837344	-0.20759678083064204	-0.04307046616309962	0.6368634668243676	-0.6211395095397394	-0.12811274891273672	16.675345847033896	17335.065524224774	0.0513195551041461	723959.2650696868	747775.9084702993
40.0	2.0	1.0	1.0	-0.9	0.0	0.0	0.2863131895355499	-0.0005060342486478131	0.020876729991621268	-0.8564471345415837	-0.0014857334723712423	0.06143998626692149	16.596576751908287	14768.046147015411	0.05041846204252984	748024.3086552655	769259.6721892478
41.0	2.0	1.0	1.0	-0.0	-0.9	0.0	0.012974559741341414	-0.2922620901609848	0.033997497520430686	-0.0396681725161866	-0.8777897179636952	0.10318269626923438	16.481705140904523	8385.248005972244	0.05120814044419461	769515.55835623	784111.663224161
42.0	2.0	1.0	1.0	-0.35	0.35	0.0	0.10093788264301902	0.1169369679632728	0.06564153505761428	-0.30537082054126763	0.3475416072590175	0.19559707026783024	16.366468873457052	13117.063648343901	0.05273871774553177	784366.3532677456	803960.8090899419
43.0	2.0	1.0	1.0	0.64	0.64	0.0	-0.20298024266447812	0.19858890832430887	0.018145304036027765	0.6088112508991452	0.5966083260858057	0.05384081025411214	16.658935623127036	12201.444318998256	0.05152666704899519	804201.0800119024	822112.8779458086
44.0	2.0	1.0	1.0	0.07	0.07	0.0	-0.026629683459541524	0.007043812883500866	0.03722462043184893	0.07907981853931748	0.021163807924074796	0.1120858548867576	16.70707229641266	8901.238498248858	0.05234187413889117	822368.6215261259	837746.7974525352
45.0	2.0	1.0	1.0	0.49	-0.49	0.0	-0.15229583527343457	-0.16868186289000386	0.012357763027405433	0.4564343359902918	-0.5053334646514216	0.03611197070272443	16.697955506970175	9834.551337029552	0.05773771193503996	838003.0771003512	854314.5221049344
46.0	2.0	1.0	1.0	-0.49	-0.49	0.0	0.107574964814343	-0.1428111633674245	0.05250835431451484	-0.3429233211521344	-0.4409280297011752	0.15560242618456077	26.987169389030896	20145.826404565014	0.057263939954926825	854570.6022772938	881199.247171593
47.0	2.0	1.0	1.0	0.0	0.9	0.0	-0.00466354374625905	0.2833459090169237	0.07033716334784579	0.013925892691632757	0.8513324979936616	0.21018750286111576	22.16110324661713	11317.505119994166	0.057633477529320534	881461.1387532204	899239.465726685
48.0	2.0	1.0	1.0	0.07	-0.07	0.0	-0.022347670946000417	-0.01900840273550697	0.0346085984588651	0.06730196702657949	-0.05631308418793057	0.10359691004814486	16.33838914858643	17.10237649967894	0.05713812106424029	899490.1163011091	905967.0004871878
49.0	2.0	1.0	1.0	-0.5	0.0	0.0	0.15248236860727288	-0.005635900539746608	0.07172164492257771	-0.45689682817108995	-0.01739324072282411	0.21337962920581965	16.53057117073331	11107.260906603187	0.0570235195734395	906223.6827326415	923007.7602151723
50.0	2.0	1.0	1.0	0.21	0.21	0.0	-0.057821459967086215	0.059530136811146495	-0.010448287174780635	0.1736585955426925	0.17930253445202982	-0.03294705882349502	50.160236773081124	11218.102160608396	0.0023404392686221004	0.07731041114311665	16555.303932036622
51.0	2.0	1.0	1.0	-0.5	0.0	0.0	0.1532871928304956	-0.006871667691781269	-0.005179110399004205	-0.46034711759507096	-0.021424234914651064	-0.01480489814597119	16.62647984630894	15518.231764959637	0.0015339104633284872	16809.005350456573	38806.30021530669
52.0	2.0	1.0	1.0	-0.49	0.49	0.0	0.15397938816632323	0.1510644595528342	-0.007210688944806698	-0.46248844214969836	0.4541968261392434	-0.02231872281977143	16.482799168443307	16084.458345736493	0.002867629875931822	39058.18265095877	60607.81010228675
53.0	2.0	1.0	1.0	-0.49	0.49	0.0	0.15196402324492359	0.15287863864922535	-0.00045017929346991004	-0.4566365630269333	0.45815037684409177	0.0006178759442641013	16.59694142290391	8616.915956285084	0.0032586054389929365	60861.4221761236	74542.01128148998
54.0	2.0	1.0	1.0	-0.64	-0.64	0.0	0.21344674477137615	-0.19881308172844758	-0.061270840009116645	-0.6406639270498512	-0.5970866306567887	-0.1826680933850977	16.31869687116705	47202.99307999085	0.013430437141554674	74810.36594082252	128494.54633373534
55.0	2.0	1.0	1.0	-0.1	0.0	0.0	0.02787520994757125	0.008356958784043522	-0.05216517891199368	-0.08524409352132792	0.026171431653588262	-0.15736530098409274	16.902171686524525	6251.3354280090425	0.013148873495251677	128747.92100625928	140462.1620222024
56.0	2.0	1.0	1.0	-0.0	-0.7	0.0	-0.0057846319569186885	-0.2178245649398104	-0.053575326161564796	0.018616297540075245	-0.6547360964887502	-0.1607259784846944	16.692120756488293	29835.630036119255	0.012135966380735311	140714.2727423925	177030.71703220485
57.0	2.0	1.0	1.0	0.21	-0.21	0.0	-0.051589835316528346	-0.0669643123441852	-0.07767811093306487	0.15654981599606071	-0.20196112306044112	-0.2330801098648847	16.68738001899328	46769.94572224794	0.012517195300512667	177283.05020216794	230533.5618366662
58.0	2.0	1.0	1.0	-0.35	0.35	0.0	0.10587383540590495	0.1053865375717915	-0.042781452658855246	-0.3183659995098774	0.315803550706079	-0.1276577019912144	16.741716128308326	10534.756136708893	0.0120318430041257	230786.45514245727	247001.676396103
59.0	2.0	1.0	1.0	0.5	0.0	0.0	-0.15380632045028972	0.005310853689399431	-0.05936089112686527	0.46154843844515825	0.01696837782251126	-0.1776249027236949	16.616998371318914	27486.320068026544	0.012019099880476112	247269.94791028847	280353.27942026197
60.0	2.0	1.0	1.0	-0.9	0.0	0.0	0.29382867668380586	0.008436074683530359	-0.03150901045242538	-0.8805149518442492	0.02543770114488053	-0.09498480201417703	17.35655270749703	20385.547401485383	0.011972516937081217	280606.6540927859	307471.13914707734
61.0	2.0	1.0	1.0	-0.64	-0.64	0.0	0.2187073073994025	-0.21059214708894358	-0.029736102845795864	-0.6542445043310152	-0.6315822256253972	-0.0887505378804867	16.53567656467203	20635.16741350759	0.011280640271022222	307724.1436777549	334839.55025760224
62.0	2.0	1.0	1.0	0.3	0.0	0.0	-0.08644074240626308	0.007084285265243184	-0.05036970321201539	0.2601638283316687	0.021641287078596583	-0.1506055619134552	16.525830418686382	16034.678461612202	0.012284238420710903	335092.2455466207	356224.1217974515
63.0	2.0	1.0	1.0	-0.7	0.0	0.0	0.21710263842620886	-0.0029041820146620267	-0.0197640421148797	-0.651469761646488	-0.00783857565753443	-0.058239253833767046	16.60678756888956	9467.881898861378	0.0113290190634217	356476.8396961299	372424.80869319115
64.0	2.0	1.0	1.0	-0.0	-0.3	0.0	-0.010008228721419384	-0.10404025632488667	-0.033553696498040075	0.031999211852167496	-0.31085836730534033	-0.10020331883721934	16.61626902932767	9384.597796219168	0.011486624956867095	372678.0250981683	388542.2895260417
65.0	2.0	1.0	1.0	-0.1	0.0	0.0	0.030905961216781415	0.009614650724055651	-0.05296818493932309	-0.0926207758296275	0.028358413068582666	-0.16000320439453142	16.573967106523924	17.02141936402768	0.011122585765204855	388795.20580614917	395291.220308427
66.0	2.0	1.0	1.0	-0.0	-0.7	0.0	0.002191270343749989	-0.22355682341209038	-0.061529816128767845	-0.005020085899780348	-0.6691167451048013	-0.1859627603570062	16.472223680466413	18134.51465104299	0.011475466923997476	395528.84043130325	420141.8390834733
67.0	2.0	1.0	1.0	0.35	0.35	0.0	-0.10150700460584561	0.11431215975394726	-0.07604298466465598	0.30442390599682007	0.34270989434683574	-0.2282205081253481	16.863881144672632	7583.539737548563	0.01118066167775494	420381.5863367636	433209.2030754866
68.0	2.0	1.0	1.0	0.3	0.0	0.0	-0.08352410361615316	0.0037956264139646922	-0.064448867017592	0.2516081276027726	0.011322140694749683	-0.1930261615929454	16.75119757419452	11734.248003049288	0.011498503918868731	433431.3067793846	450293.7084638834
69.0	2.0	1.0	1.0	0.7	0.0	0.0	-0.22137606229249449	0.002181656669498544	-0.06914666208891385	0.6628334159345919	0.008098695139965417	-0.20954573128848564	16.511243564309552	7450.543579732766	0.011486590227675923	450531.93831795943	463360.8314078592
70.0	2.0	1.0	1.0	0.1	0.0	0.0	-0.02113524743507583	0.01069732200186313	-0.05648619058513371	0.06233755627734215	0.031412211260571254	-0.16726127260227686	16.46310687647201	10417.929160321364	0.010816094501120333	463613.3724407264	478997.7397643961
71.0	2.0	1.0	1.0	0.0	0.5	0.0	0.0032499505949630976	0.15042147090771707	-0.04186742198819382	-0.010494345077051822	0.4494841026766757	-0.12523604943906075	16.195437812712044	11017.898454956594	0.011958530780887256	479250.9164201474	495315.6022627081
72.0	2.0	1.0	1.0	-0.21	-0.21	0.0	0.05943831597178041	-0.058806618808256994	-0.04759903105204044	-0.17880048701892554	-0.17697013407549966	-0.1420188830393898	16.69430878246203	9017.814580452978	0.011740744117927393	495568.4846283548	509449.2606644635
73.0	2.0	1.0	1.0	0.21	-0.21	0.0	-0.05599425763296147	-0.06662465076683466	-0.06669567406721133	0.16833883490817958	-0.2000357986683653	-0.1996750286104232	16.705248941434547	8734.738121915143	0.011408153153538924	509702.8628921689	523350.013055242
74.0	2.0	1.0	1.0	-0.0	-0.1	0.0	0.007105287528911031	-0.02047946213713947	-0.05413289845113356	-0.022286940793901668	-0.0608557394871172	-0.16198670176218988	16.61918639729265	4617.3528330546105	0.012385792091926948	523604.0040230582	533017.1749461733
75.0	2.0	1.0	1.0	0.49	0.49	0.0	-0.14927545835640352	0.15630319450071573	-0.08004755474167857	0.4470171432299035	0.4687477371342855	-0.2393644541083042	16.518901669769548	9867.733915059944	0.012660301414631026	533272.5965213176	548934.8765513132
76.0	2.0	1.0	1.0	-0.35	-0.35	0.0	0.10746796278567203	-0.1104747338180393	-0.034060418097140666	-0.3226304732720221	-0.3321686947462804	-0.1034172350650544	16.48462252342142	24885.40517950605	0.012040109941402914	549189.0841341519	579069.8878853145
77.0	2.0	1.0	1.0	-0.21	0.21	0.0	0.05886718171911307	0.0593768575110275	-0.0498798504615352	-0.17689286861948983	0.17842189599523328	-0.1500515449758164	16.549534106161445	14984.837312644231	0.012567235771059502	579323.8471266814	599670.8924830891
78.0	2.0	1.0	1.0	0.49	-0.49	0.0	-0.15044784647079706	-0.1668061551994091	-0.08089089036387631	0.4524440947138487	-0.5006774197868056	-0.24230645456610822	16.50650282681454	9784.602974541485	0.011684405444359006	599937.0117045037	616188.0966030003
79.0	2.0	1.0	1.0	-0.07	0.07	0.0	0.009153955037937601	0.013839882136875481	-0.05009279774161901	-0.027494234387385165	0.041357800042765125	-0.14895085831984445	22.40798601997085	9568.245768343331	0.012206443873681676	616428.3842998557	630472.7962155739
80.0	2.0	1.0	1.0	-0.49	0.49	0.0	0.15749300267916932	0.16120587704525136	-0.013902777141926004	-0.47215531530178534	0.4842650166072	-0.04239498741112935	16.61918639729265	20118.469458000618	0.012064455821574543	630729.9908248533	655941.2338742113
81.0	2.0	1.0	1.0	-0.7	0.0	0.0	0.21569203943271836	0.003434735988038007	-0.011603418020841083	-0.6489211668917754	0.010207100143397096	-0.035084916456663784	16.47003563994076	9901.060538424645	0.012051360114512716	656195.1475316018	672574.589963071
82.0	2.0	1.0	1.0	-0.49	-0.49	0.0	0.1627348181029179	-0.150223500430537	-0.026389478904342845	-0.4883015621294706	-0.4503144392823155	-0.07907688258164836	16.69175608549267	18268.78497202415	0.011761429735810637	672829.8044046533	697575.9272144351
83.0	2.0	1.0	1.0	0.9	0.0	0.0	-0.28588740411097985	-0.00029200861176326143	-0.058755878538113704	0.8578240587008013	0.000839545664041319	-0.17654229800848165	22.308795305434614	14701.565754701733	0.012150512012538901	697831.5070571261	718494.1101863078
84.0	2.0	1.0	1.0	-0.35	-0.35	0.0	0.10759274094041432	-0.1129399075598706	-0.03567677576859096	-0.3208036971333338	-0.33729836682171455	-0.10922762645889716	16.382149755372666	22151.5718082519	0.011817073828273579	718748.8494605786	747378.8604153087
85.0	2.0	1.0	1.0	-0.0	-0.3	0.0	0.010962178187990508	-0.08577234927625721	-0.04759362935827638	-0.03168887144179707	-0.2583852338566571	-0.14314710460034985	16.77271322114393	5084.1505627613515	0.013150259090463138	747634.0759509185	758462.9657587793
86.0	2.0	1.0	1.0	-0.49	-0.49	0.0	0.15303157807197504	-0.16377863006779014	-0.033991538872280236	-0.4569583621601543	-0.49062376618478043	-0.1011506294344191	16.652006859658286	13184.716460411437	0.012612261299675137	758718.7199145701	778380.138589855
87.0	2.0	1.0	1.0	0.0	0.9	0.0	0.01362134098634838	0.30005605016977865	-0.018443724727170707	-0.04245011736408679	0.8986467946514387	-0.05601783016686346	16.611892977380194	12068.014931122889	0.011893571424187914	778622.2955941776	795880.7629079238
88.0	2.0	1.0	1.0	0.07	-0.07	0.0	-0.026153455916986847	-0.037973560121482564	-0.007584451056615205	0.07849273702453274	-0.1151830820337667	-0.02298223849829606	16.623927134787664	4601.40974810929	0.012498793807124185	796121.3540116732	807198.6782836466
89.0	2.0	1.0	1.0	0.0	0.9	0.0	0.0047907765709144946	0.3038934167620164	-0.023742450598857268	-0.014566545354176999	0.9101912637017235	-0.07054069581122047	16.38032640039455	8684.03124215547	0.01199098287042598	807470.3638548963	822632.8648759809
90.0	2.0	1.0	1.0	0.07	-0.07	0.0	-0.012144951444320005	-0.027153688049874836	-0.027491683833012814	0.036823285615827546	-0.08197897252678132	-0.08270393682748889	16.795687537523918	17.55238143960014	0.012492942285779681	822888.4377899085	829383.289718593
91.0	2.0	1.0	1.0	0.21	0.21	0.0	-0.060388613105313814	0.05719930094952275	-0.0327939040206886	0.18145716277809204	0.17182448776357429	-0.09980080109845857	16.482069811900146	9201.120855126646	0.011760060180166718	829638.8338234538	845317.4956385192
92.0	2.0	1.0	1.0	0.64	-0.64	0.0	-0.19895818239211585	-0.22082858997879695	-0.055856160830025425	0.5982016873928113	-0.6636186945114207	-0.16775159075283663	16.529477143194526	13017.556392835104	0.012352062317989562	845573.256358417	865068.9802172856
93.0	2.0	1.0	1.0	-0.64	0.64	0.0	0.2008331671689133	0.20390843158417304	-0.002196063172273499	-0.6023052858653062	0.6115958176582303	-0.007320622567861923	16.672428479068913	15834.92512560042	0.012363722635823278	865324.4156499568	887636.5075822541
94.0	2.0	1.0	1.0	-0.07	-0.07	0.0	0.0122495743313866	-0.01942831313690163	0.0007105287251825132	-0.036457399532009195	-0.059158909797156545	0.0024520256353781633	16.812097775982693	4684.615810998366	0.012343268576550605	887875.3799879778	897203.9838931814
95.0	2.0	1.0	1.0	-0.0	-0.7	0.0	-0.009619112288927527	-0.22728194415332625	-0.01021194018455418	0.0304110619982522	-0.6810689698942437	-0.029811833371240937	18.135856284061447	6769.292595126899	0.012951915975508713	897459.6049437823	910704.4375448459
96.0	2.0	1.0	1.0	0.0	0.7	0.0	0.005605921197527456	0.2282967802235074	-0.018260250247882137	-0.018468596544768744	0.6860232652455525	-0.054643419546576144	16.57141439500265	8567.971899858094	0.012765703531426115	910960.7518364792	924688.8237585081
97.0	2.0	1.0	1.0	-0.64	-0.64	0.0	0.2106361531163693	-0.19151001254312328	-0.007369077592049855	-0.6337858772163004	-0.5762779784022731	-0.023068551155641437	16.670605124090798	20768.56762765965	0.012437793783363977	924945.0497995713	952190.1238133578
98.0	2.0	1.0	1.0	0.0	0.3	0.0	0.0007073009968289988	0.09121135831463245	-0.02376745250622947	-0.0018629488019085878	0.2719508727181388	-0.07208056763541992	16.45326074503828	12734.610486790189	0.012874160588362694	952448.466774018	970158.0119116406
99.0	2.0	1.0	1.0	0.07	-0.07	0.0	-0.015662957388613397	-0.02667001017952142	-0.04026890211330003	0.0521679559374057	-0.07476620821985436	-0.12346177614992526	16.55792153906077	1684.0724500652868	0.012527082423513976	970414.4844708208	978574.8583614768
100.0	2.0	1.0	1.0	-0.07	-0.07	0.0	0.01117832401226966	-0.03689151464963358	-0.03904750133508794	-0.03609214464901953	-0.11077165176961734	-0.11860737010734668	16.54552271065768	5517.739458067808	0.013280747240055079	978831.9034553424	989598.4117815242
101.0	2.0	1.0	1.0	0.0	0.5	0.0	0.0061997786802423845	0.153640902672587	-0.006011558709013709	-0.01898776732359468	0.4614406163949175	-0.018034676127041127	16.641796042677015	6934.421805621241	0.013271533965632966	989848.6076102563	1001876.3700718264
102.0	2.0	1.0	1.0	-0.0	-0.5	0.0	-0.0032249723055213474	-0.15078177329184161	-0.03503018997474827	0.008639100162251074	-0.4538343064598499	-0.10550256351545562	16.622468436253257	4984.539011114975	0.0132532396696409	1002134.3855572486	1013593.8315041421
103.0	2.0	1.0	1.0	-0.3	0.0	0.0	0.08573784363064221	-0.0058975953268013415	-0.016209887846108995	-0.2560806063168968	-0.017854632348265342	-0.0498198672462693	16.576519803493284	8084.6312001522165	0.012438159160190893	1013852.699227471	1028410.940955262
104.0	2.0	1.0	1.0	0.07	0.07	0.0	-0.016170038243760017	0.01580207513155618	-0.03020379186684874	0.04715060524124411	0.04507563769746403	-0.09203046463693898	16.53312386770267	3184.088495618198	0.012539284551914375	1028667.895245846	1036661.6633700323
105.0	2.0	1.0	1.0	-0.49	0.49	0.0	0.16101976990684314	0.15153558353992713	-0.03163998626679021	-0.4818292773247826	0.4536356724126128	-0.09437063401208956	16.683733309037052	20068.53240035707	0.013087148953389995	1036918.9006459055	1061912.1330672642
106.0	2.0	1.0	1.0	0.49	-0.49	0.0	-0.15000354042686462	-0.16660239601714966	-0.0683225146867188	0.4489748045262808	-0.49805924727854534	-0.20510487525722665	16.59183602896519	24352.00708048069	0.011774926745315268	1062153.9410807164	1092981.1643386055
107.0	2.0	1.0	1.0	0.64	-0.64	0.0	-0.21065176589598705	-0.19504239583976968	-0.07030415045387395	0.6324408367915454	-0.5874254059429413	-0.2102715724419606	16.674981176038273	33285.850151994964	0.010971351183440056	1093238.6266169487	1133000.0426665938
108.0	2.0	1.0	1.0	0.5	0.0	0.0	-0.15159970707086648	0.0060133640337408645	-0.05429478904394025	0.4559967843347741	0.01807246137479479	-0.16206037994939915	16.788029432063922	20301.683470752323	0.01311028220743878	1133257.942915734	1160034.866632239
109.0	2.0	1.0	1.0	0.21	-0.21	0.0	-0.05484016894789395	-0.07437159440576491	-0.05348887617294662	0.16432629120224818	-0.22298530612300593	-0.161565278095402	16.559015566599555	13868.096398800844	0.01220509930824125	1160292.807359947	1179002.882365632
110.0	2.0	1.0	1.0	-0.64	0.64	0.0	0.19760706193881591	0.2134226997959946	-0.0013581063552876582	-0.5928859243635923	0.6407860077651399	-0.004486312657073777	5283.640970446868	10684.709166976972	0.013202980718718185	1179260.3399032522	1195320.4319755896
111.0	2.0	1.0	1.0	0.7	0.0	0.0	-0.2181105906308539	-0.00042314732876713723	-0.022650408178745973	0.6542994026189893	-0.0019491967313192138	-0.06708146028812623	16.642160713672638	11234.491603798233	0.013744581832854225	1195577.8957126313	1212237.9869826692
112.0	2.0	1.0	1.0	-0.35	-0.35	0.0	0.11630107358396072	-0.10284634264356007	-0.027461348897451554	-0.34990666823262295	-0.3083771815628189	-0.08325381094046636	16.772713206592016	11051.260086824186	0.012593157826571635	1212499.0358078503	1228605.5422085628
113.0	2.0	1.0	1.0	-0.35	0.35	0.0	0.10391171793953216	0.10723407859948397	-0.010028023193641156	-0.3122854314693253	0.32186408216631357	-0.02985518425247302	66.47200488077942	10717.815528594656	0.012695631292513145	1228857.4567353353	1244740.579798934
114.0	2.0	1.0	1.0	-0.5	0.0	0.0	0.15304523251054378	0.010551644086161271	-0.012192698557944581	-0.45832646569232405	0.030651484777743043	-0.03827184710436704	349.93574483087286	9818.618827557657	0.013057068227197778	1244997.4790240813	1260124.094155326
115.0	2.0	1.0	1.0	0.9	0.0	0.0	-0.28910783932332307	0.011825520662961941	-0.044241710536270684	0.866967455960674	0.03466733014957857	-0.13286246280588232	7433.4583428135375	19584.824840858346	0.012481662740329753	1260381.9345983067	1285525.9081056283
116.0	2.0	1.0	1.0	-0.21	-0.21	0.0	0.066072943473192	-0.05893620919499343	-0.0353402075226148	-0.1977656605895639	-0.17648493484925765	-0.10753126573561733	16.615904358332045	32669.363414373947	0.013366570344226626	1285783.3492330248	1323410.7947218872
117.0	2.0	1.0	1.0	-0.64	0.64	0.0	0.20040614092218995	0.2188747752311213	-0.016631830319588703	-0.6001178674651123	0.6563653715047857	-0.049575051498935485	6633.579997316701	9301.157978727133	0.013498741142815057	1323668.8678254432	1337945.100488956
118.0	2.0	1.0	1.0	-0.0	-0.9	0.0	-0.0009931972107752934	-0.2854523988383073	-0.03849503318827874	0.0032061765473319253	-0.8550947948456029	-0.11543932249914612	16.612986975815147	6900.993803501478	0.013123974046395193	1338203.0054788194	1350229.085709536
119.0	2.0	1.0	1.0	-0.07	0.07	0.0	0.010955337481509142	0.023428157297854746	-0.034009422445934856	-0.03241284261451534	0.06989604061069721	-0.10143316548383341	16.677169216563925	3617.569083420676	0.012676554147557972	1350487.600065928	1358612.7390058683
120.0	2.0	1.0	1.0	-0.49	-0.49	0.0	0.14996356976888378	-0.16923171434526751	-0.04193905546645005	-0.45014966349522945	-0.5087309597901158	-0.12503895628261863	16.641796042677015	6684.236917033559	0.01330881956529857	1358871.3846441098	1370413.444062273
121.0	2.0	1.0	1.0	-0.0	-0.5	0.0	-0.010230530102555556	-0.1563030488389705	-0.04123442435331759	0.031986361250558044	-0.4705276101955257	-0.12530547035910589	1800.437387326383	6234.338441659929	0.013890291866849046	1370675.7458996288	1381697.3574425066
122.0	2.0	1.0	1.0	-0.0	-0.9	0.0	0.005450084724792451	-0.28821239192384507	-0.05296380559996372	-0.015573391608642543	-0.8651550841486919	-0.15889141679989116	6050.300270726439	9250.949605280766	0.013152196594786319	1381959.6512571005	1396198.6545799882
123.0	2.0	1.0	1.0	0.21	0.21	0.0	-0.05391896639642148	0.06668976695551465	-0.0502373693445215	0.16117425226496324	0.20006930086654395	-0.15139876401891583	15.61305699578952	8683.515960947261	0.012741350972385587	1396457.0332784788	1410349.5149136144
124.0	2.0	1.0	1.0	-0.64	-0.64	0.0	0.19612686900714463	-0.2055731509547044	-0.04185067521161123	-0.5877655908235605	-0.6159749595719507	-0.12532314030638325	181.55621488403995	13832.892080492456	0.013280919252702627	1410612.2572744642	1429416.7986778484
125.0	2.0	1.0	1.0	-0.49	0.49	0.0	0.16304524483135513	0.1494875364419762	-0.01874282444484332	-0.48829413338118594	0.44690888419445884	-0.055450263217798446	16.521454381290823	15468.291425262578	0.014299250115504107	1429675.7728853407	1450751.0794284316
126.0	2.0	1.0	1.0	-0.0	-0.9	0.0	0.005170597627011473	-0.2890302555694446	-0.04513482108785416	-0.01657997890891975	-0.8669936588876169	-0.13599956511753364	16.923687333473936	18333.675395449973	0.014638586671378455	1450993.5974577966	1474535.592693719
127.0	2.0	1.0	1.0	0.0	0.1	0.0	-0.0022949491270004407	0.019235516348640846	-0.03780894941622037	0.007240909390296488	0.05715627139519386	-0.11177887388381791	16.705248941434547	7568.514896120178	0.014281353410100395	1474776.6301557277	1486820.9268351784
128.0	2.0	1.0	1.0	0.0	0.9	0.0	-0.0032765689275956137	0.2849732904304265	-0.01808764019213882	0.01002392242422069	0.8547903941969908	-0.05394248111658584	16.68592133501079	10668.119518973981	0.013269104714300707	1487083.9948479114	1502837.7418503077
129.0	2.0	1.0	1.0	-0.5	0.0	0.0	0.151240936832351	-0.005536920696021741	-0.020875860227247856	-0.4539170261384866	-0.016222330805197527	-0.06180359349932196	16.592200685408898	9585.25770624692	0.014341967802934858	1503096.7711232514	1519154.6988686458
130.0	2.0	1.0	1.0	-0.1	0.0	0.0	0.0193115247978624	0.00591987078190892	-0.020628374151110185	-0.057481404563575283	0.017565396704293246	-0.06385353627800439	16.295357869239524	7282.987478625728	0.01421395659590405	1519397.7697404043	1531705.7718788418
131.0	2.0	1.0	1.0	-0.07	0.07	0.0	0.010950638541962196	0.013640633073401465	-0.023825612268139285	-0.034340902210211646	0.042475624351673846	-0.07124795147596741	16.67096979508642	11718.025579539244	0.014009604750986589	1531964.1053580418	1548156.7716629652
132.0	2.0	1.0	1.0	0.49	0.49	0.0	-0.14712695321792194	0.1601508814963467	-0.04554620431819423	0.44202824512521155	0.4807115986776187	-0.13750837720269438	27.09183018305339	7967.686070129275	0.014016556439101666	1548415.9125254517	1562040.6864289544
133.0	2.0	1.0	1.0	-0.9	0.0	0.0	0.2868715433200364	-0.0032843807122808766	-0.034648661020725946	-0.8604851528658204	-0.011665821456890324	-0.10458686198183909	16.621009752270766	10167.781103577	0.01457562733981915	1562299.7926476384	1578091.5351660224
134.0	2.0	1.0	1.0	-0.64	0.64	0.0	0.19851141628339417	0.20356485332471308	-0.019259967955945534	-0.5966671734252122	0.6100148052291211	-0.057047470816795176	16.826319973915815	17368.29478024447	0.014848707177786495	1578350.351105968	1601476.321497539
135.0	2.0	1.0	1.0	-0.35	-0.35	0.0	0.10304945444035582	-0.10719494414772268	-0.021235400930690318	-0.3111228890089768	-0.32207037154675233	-0.06082224765359534	26.525494933594018	18878.816290045506	0.01411450967923492	1601734.964218398	1625544.1985827347
136.0	2.0	1.0	1.0	0.0	0.1	0.0	-0.0017571120670811687	0.020274375814666068	-0.022536636911453467	0.0054655518426771875	0.06088786599114293	-0.06495484092433523	16.617363042314537	5867.697447887622	0.015137374433295566	1625806.8067443818	1636144.7695857934
137.0	2.0	1.0	1.0	-0.49	-0.49	0.0	0.1591086556258619	-0.15560250223057215	-0.03185677882036586	-0.4762577808497004	-0.4670988301538672	-0.09483790341005616	16.507961525348946	23218.27319166914	0.015878797833156433	1636405.013945041	1664495.6873916963
138.0	2.0	1.0	1.0	0.5	0.0	0.0	-0.15035092207596348	0.003962026059647017	-0.03554785229256496	0.45160304387861916	0.01217740164109149	-0.10678088807476516	2033.462281266111	20351.929770040442	0.013897015756496189	1664755.4048002493	1690347.735315401
139.0	2.0	1.0	1.0	0.3	0.0	0.0	-0.0859840928793414	0.006752268231334346	-0.05112190432582686	0.2578551708173073	0.020289173967575236	-0.1541439230942121	4700.347021658672	7017.8663638362195	0.014817210290932172	1690608.1160618924	1702815.197112388
140.0	2.0	1.0	1.0	0.07	0.07	0.0	-0.006902456265826511	0.02164875359103058	-0.037749217975008964	0.019347859307443597	0.06572312333882646	-0.11306454566226654	139.20141258859076	7051.062799393549	0.014187604680968247	1703075.281745405	1714599.3628454888
141.0	2.0	1.0	1.0	0.0	0.3	0.0	0.0007060655695543226	0.0893501088995825	-0.028778225375624134	-0.0017297654257954383	0.26805032669874784	-0.08596845960135169	1600.0035737961298	10201.279122687993	0.013797936047921103	1714860.0090730325	1730566.58797049
142.0	2.0	1.0	1.0	0.35	0.35	0.0	-0.10438669387017217	0.10711402096380096	-0.06242924391534288	0.3124479575919262	0.32192470981570376	-0.1887068207824214	16.63596130674705	7484.383296279702	0.014537718982595687	1730827.0292525121	1743434.0389002608
143.0	2.0	1.0	1.0	0.5	0.0	0.0	-0.16314122512237403	0.010458630978548267	-0.05238226138691626	0.489197090452116	0.03263829460496381	-0.15765033188333977	16.59001265943516	40169.54575026466	0.014463799947557057	1743694.599065275	1789169.9133393995
144.0	2.0	1.0	1.0	0.0	0.7	0.0	0.0023258563883849746	0.2144810024056879	-0.008580643930600207	-0.00649203006157047	0.6452880558106843	-0.026611696039912314	27.001026915968396	16179.493996038218	0.014460054089023665	1789431.2002952355	1810687.7501648269
145.0	2.0	1.0	1.0	-0.9	0.0	0.0	0.286948700878475	0.006088196399367085	-0.023261081864526023	-0.8601663478904069	0.018361697018817846	-0.06854726481994566	7661.057650228031	10212.023811604013	0.014966694682399594	1810948.682295042	1827638.3466219704
146.0	2.0	1.0	1.0	0.35	0.35	0.0	-0.10101713341448121	0.11354995507426802	-0.041039711604353935	0.30395773990346764	0.3402614339399367	-0.12284447241892127	16.525101091247052	8167.947029243805	0.013432298395055635	1827885.5583416442	1841572.8501140694
147.0	2.0	1.0	1.0	0.0	0.5	0.0	0.0039004543064299433	0.157086423023593	-0.042087380788773165	-0.012672441126458404	0.4718419159950802	-0.12438528267302584	16.731505311327055	7167.881388319074	0.01551968418671302	1841842.143438538	1854240.5305682477
148.0	2.0	1.0	1.0	0.7	0.0	0.0	-0.22043188834654287	0.008592925393512196	-0.05014467841599801	0.6602274790117433	0.024645851605506697	-0.14961004806557243	16.655288913170807	12134.738194843521	0.014897369446180166	1854501.1848185677	1872041.5233506646
149.0	2.0	1.0	1.0	-0.3	0.0	0.0	0.084249407323968	-0.0006170015133103446	-0.0077070191499546414	-0.25245689850975356	-0.002983929114960926	-0.021610414282090984	8033.551261178218	15551.374229078647	0.014820911620937372	1872302.2950252926	1894314.6158255842
150.0	2.0	1.0	1.0	-0.21	-0.21	0.0	0.0626979449795412	-0.0699908502129466	-0.016146028839446158	-0.18702564891073828	-0.21058756683671287	-0.049902952620421326	16.560838907025754	6823.556483272114	0.014484966501516813	1894570.3575825463	1906226.3076400124
151.0	2.0	1.0	1.0	0.49	-0.49	0.0	-0.14903275354315815	-0.16143879554810447	-0.07205201800553729	0.4461919209694504	-0.484575340832892	-0.21611027695092178	16.79459352453705	20452.0376399596	0.013173509278295225	1906487.6223109022	1932044.4505709312
152.0	2.0	1.0	1.0	0.49	0.49	0.0	-0.15254813757629215	0.152507880989739	-0.05783223468365595	0.45806521328531635	0.4569733653184883	-0.17207761501457508	16.67315782106016	11668.0753936962	0.012929723238088197	1932307.2549259814	1949345.3678662917
153.0	2.0	1.0	1.0	0.0	0.3	0.0	0.0016122164088159217	0.08872449176461938	-0.016544739452106105	-0.004318740849291115	0.2659145211052796	-0.05192307164082277	16.70707229641266	9723.922321994905	0.013537641948392971	1949605.3478385147	1964413.445156286
154.0	2.0	1.0	1.0	-0.07	-0.07	0.0	0.016384673501940936	-0.0242065681938185	-0.021779240100623154	-0.04847426576080484	-0.07284628949646121	-0.06497150377634875	16.612622304819524	8934.751833570772	0.014594361070148394	1964674.072420894	1978380.2873759414
155.0	2.0	1.0	1.0	-0.3	0.0	0.0	0.0884209111375332	-0.011437305175229562	-0.007843762874726323	-0.26558642614832256	-0.032110804922773295	-0.023805951018319504	16.722388507332653	9757.113287458196	0.013625472542609311	1978642.5199256628	1994880.5262359383
156.0	2.0	1.0	1.0	0.21	0.21	0.0	-0.05707995004297025	0.059662338319306896	-0.03331259632249517	0.1731820065432479	0.17749802837359563	-0.09934268711351435	22.42330223089084	10067.842806049157	0.013491305938096726	1995126.8273702152	2011665.342543478
157.0	2.0	1.0	1.0	-0.7	0.0	0.0	0.21608356198121223	-0.004044502968692187	0.041617494468673355	-0.6492217641508052	-0.011615600528920078	0.12439471274911917	16.57141439500265	19218.319504972897	0.013319048323553514	2011927.9831609165	2036584.363895745
158.0	2.0	1.0	1.0	0.35	-0.35	0.0	-0.10279263122895234	-0.1254131967306712	-0.040604608224549255	0.30802183167756186	-0.3753008812584172	-0.12153916227950723	16.525101091247052	26834.14728070784	0.013776921152575988	2036846.4425539859	2068634.1248169336
159.0	2.0	1.0	1.0	-0.7	0.0	0.0	0.21598889804065013	-0.0051411038238972084	-0.002666056305735909	-0.6484846024991069	-0.01626491258457141	-0.007906614785827548	16.23737504996825	14184.648996131727	0.013496363717526556	2068890.464635595	2089552.799366342
160.0	2.0	1.0	1.0	-0.5	0.0	0.0	0.151028972039242	-0.004228144647426935	-0.013696620126596892	-0.4537990401363162	-0.0113249244522452	-0.043195605401534776	16.845282894792035	9468.190411178512	0.013616169673030545	2089815.730627175	2105753.685737538
161.0	2.0	1.0	1.0	0.0	0.5	0.0	-0.007690486230943674	0.16314789319274037	-0.025889181353432544	0.024107275447144156	0.4887315555596311	-0.07720977340339674	16.766513799666427	11100.050616441877	0.013471739916652894	2106016.7584910085	2122621.638820332
162.0	2.0	1.0	1.0	0.1	0.0	0.0	-0.018319816573668518	-0.003084851115099818	-0.03003539330125049	0.055833420107457205	-0.010516955014618468	-0.09079283588910281	17.399219301296398	8101.128586175037	0.014325964130537001	2122884.6809413806	2135822.613442084
163.0	2.0	1.0	1.0	-0.0	-0.1	0.0	0.0005839255106083428	-0.02425125937086825	-0.027410574502146234	-0.001460453069674423	-0.07032608259468331	-0.08209439230936844	16.63741999072954	4534.247419578605	0.013892441236010456	2136085.995437228	2145289.507445137
164.0	2.0	1.0	1.0	0.49	0.49	0.0	-0.14928670667896957	0.15756173883160662	-0.05338875410083088	0.4475040580276135	0.47310601705125943	-0.15851828793764944	17.338319128612056	12085.1698203478	0.013680608276020514	2145553.051354538	2163073.80336606
165.0	2.0	1.0	1.0	-0.0	-0.5	0.0	0.00392011324524605	-0.15939831207041855	-0.04687331960019092	-0.012084032471460787	-0.47735333509837585	-0.13988752574953134	16.60678756888956	10767.962637197343	0.014087918804717877	2163336.890341743	2178975.215812752
166.0	2.0	1.0	1.0	0.35	-0.35	0.0	-0.10238361848297203	-0.11438585380010913	-0.04854856183715772	0.30692427053391025	-0.34170094408957485	-0.145554131380093	3400.1134858553996	15732.460017388803	0.013345575290650568	2179237.818139649	2199990.0685291216
167.0	2.0	1.0	1.0	0.07	-0.07	0.0	-0.012171413325465414	-0.01468335527273279	-0.034658945601566016	0.03670845561782976	-0.042949510516740674	-0.1045719386586692	16.43721519212704	8317.185667532613	0.01420632555073416	2200230.2256734692	2213157.50501788
168.0	2.0	1.0	1.0	-0.0	-0.9	0.0	0.01323942132234801	-0.3030523389523766	-0.0422458915083479	-0.04117488127779681	-0.9080888308292443	-0.12618834973676263	15.584247928927653	7168.613284549792	0.013458965850829901	2213399.655822781	2226075.099044843
169.0	2.0	1.0	1.0	0.07	0.07	0.0	-0.00837649364064009	0.017504218777229963	-0.038184107728679306	0.024902896006914393	0.053321888170997145	-0.11482698558017845	27.220923991990276	5442.005519667873	0.013115238475076584	2226317.6032166956	2236241.9753977885
170.0	2.0	1.0	1.0	-0.21	0.21	0.0	0.055119046424357894	0.06400374305496614	-0.00404361791408725	-0.1648392308959172	0.1928528302777779	-0.014282375829695937	16.720200481358916	14067.425256886054	0.014526809340465272	2236484.8482527887	2255593.1765536517
171.0	2.0	1.0	1.0	-0.3	0.0	0.0	0.08452358586088296	-0.0033422677631868014	-0.021937109941257527	-0.2529557413847755	-0.009670741280265238	-0.0661317692836032	17.278512954362668	9736.86197027564	0.013459396363396277	2255837.813325983	2272046.2509554345
172.0	2.0	1.0	1.0	-0.07	0.07	0.0	0.008392640513275675	0.01611974718239073	-0.025431715877015426	-0.02482185953053186	0.04839161082074439	-0.07629514763104628	16.6261151607614	15484.68706785934	0.014413248026594548	2272310.0100211743	2292264.4348025206
173.0	2.0	1.0	1.0	0.64	0.64	0.0	-0.19733104914306313	0.21069789750571	-0.057935408560319424	0.5916047161463217	0.6338416332900333	-0.1740808880750988	16.55099277559202	10600.764279079158	0.013712470052449242	2292527.794917347	2308698.6403577905
174.0	2.0	1.0	1.0	0.0	0.3	0.0	0.0019865508730424666	0.08594860536574944	-0.038435523002986915	-0.006186237534133445	0.25781344682367613	-0.11640521858552288	16.300463292282075	7600.636643968755	0.013801254740170198	2308962.7382035977	2321582.6291521518
175.0	2.0	1.0	1.0	-0.1	0.0	0.0	0.018758787082342247	0.006033443773109437	-0.032760982681010686	-0.055985037784876304	0.01929799444150293	-0.09828294804303206	16.71144836291205	10667.912750097457	0.013922481756351496	2321848.2024599216	2337399.8272185125
176.0	2.0	1.0	1.0	0.1	0.0	0.0	-0.02026219957292051	0.0052520926681084434	-0.035458129243905345	0.06098081436019538	0.015562062362891482	-0.10632861066602595	16.312132778693922	7117.312354501337	0.012862557237973225	2337661.749432562	2349284.151510903
177.0	2.0	1.0	1.0	0.0	0.3	0.0	0.011637913748206902	0.08982097393247435	-0.031222858014780863	-0.03526980325391588	0.2696247681652847	-0.09417212176693357	16.49629200983327	19568.389449021197	0.014060766056082393	2349548.25118008	2374052.131287666
178.0	2.0	1.0	1.0	0.64	0.64	0.0	-0.19669530582034547	0.21233730410432305	-0.07732176699471749	0.5891148392538679	0.6368176966715353	-0.23091242847328042	16.583448566962034	13001.874412875623	0.013035444821878892	2374316.8498048326	2392537.669134763
179.0	2.0	1.0	1.0	-0.9	0.0	0.0	0.2879612657046055	-0.012316206481034264	0.006938490882747672	-0.8628479803595033	-0.03636597251880158	0.019213275349089898	16.616998371318914	14334.969615549198	0.014791922155861958	2392800.7820021305	2413604.0700286394
180.0	2.0	1.0	1.0	-0.21	-0.21	0.0	0.046434807310107365	-0.0634405554589561	-0.0010377584496665815	-0.14169974817467101	-0.19297594680979546	-0.002106179903817784	16.723482534871437	5940.271870102151	0.013968244711128166	2413874.2330952664	2426288.108199573
181.0	2.0	1.0	1.0	-0.07	0.07	0.0	0.006939707904831248	0.018579288670625416	-0.00956784924085552	-0.02123992427093347	0.0566118363983279	-0.0281084458685954	16.945567636867054	17052.269133593654	0.014407819530076613	2426553.055365919	2448073.1068429886
182.0	2.0	1.0	1.0	0.9	0.0	0.0	-0.286060229057461	0.002164964914094125	-0.028095292591740595	0.8582454257195271	0.0063654176479932545	-0.08497253376057312	16.567038343055174	10934.638055987307	0.015400063067130165	2448337.6116624856	2464940.5337044154
183.0	2.0	1.0	1.0	-0.64	-0.64	0.0	0.1977902126835669	-0.21187858294389295	-0.03097106889447887	-0.5927879911263996	-0.6363478728502692	-0.09208921950101501	16.664770373608917	13118.129948605201	0.014825182248483948	2465205.3605290856	2483464.093688555
184.0	2.0	1.0	1.0	-0.0	-0.5	0.0	0.003161609452505614	-0.15042524192808415	-0.044471320668351355	-0.009031658527504918	-0.4513404643313972	-0.13378017853057478	16.516348958248273	12967.982548259897	0.014566412331092165	2483723.2276222785	2501542.51963392
185.0	2.0	1.0	1.0	-0.35	-0.35	0.0	0.11103427987077229	-0.1014888184689775	-0.020397016861212647	-0.33468893401735883	-0.30598781126482977	-0.06068750286104696	4333.6469510541065	54787.15203019965	0.014555650042555029	2501807.568543707	2561512.1162194265
186.0	2.0	1.0	1.0	0.64	-0.64	0.0	-0.20130056868953733	-0.20210698440204322	-0.029599252307934698	0.6033514284178834	-0.6062238453854127	-0.0896217441062257	16.422628323198296	10384.646662234445	0.014229894343394913	2561777.738028555	2578619.1783799147
187.0	2.0	1.0	1.0	0.3	0.0	0.0	-0.08460118579939166	0.0024518537857670664	-0.030916823071638788	0.2522822015402776	0.008035316102319334	-0.09101094071869298	16.6567475971533	11885.252382038743	0.012821155287513772	2578881.5199665115	2597247.5566991633
188.0	2.0	1.0	1.0	0.0	0.7	0.0	0.011034663781276969	0.2263925767824262	0.05855195696956117	-0.03303925279668618	0.6786598219701221	0.1769834058136961	16.177204219275154	10268.116528663086	0.013749528098991682	2597509.8833342055	2612871.262479064
189.0	2.0	1.0	1.0	-0.0	-0.7	0.0	0.0012602760870222204	-0.22515432259118395	-0.01191358815899024	-0.0033600277046269347	-0.6734237035384981	-0.036106981002491434	16.719835810363293	5184.298911233782	0.013388742678825444	2613131.0262009357	2624781.972961777
190.0	2.0	1.0	1.0	0.64	-0.64	0.0	-0.20637825571163756	-0.20475022151779876	-0.032843396658266855	0.6194260905970633	-0.6142830338269685	-0.0992168459601519	16.59584740991704	24985.59546524484	0.012581959691382172	2625048.0028386083	2656500.6538564777
191.0	2.0	1.0	1.0	0.9	0.0	0.0	-0.2841474153896172	0.006089906575987514	-0.05944254215304401	0.8538664942060319	0.017233902973649573	-0.1763134355687681	16.7738072341308	9634.908496562275	0.013440800481032631	2656747.7244481705	2672857.652199411
192.0	2.0	1.0	1.0	-0.7	0.0	0.0	0.2210918277012579	-0.0032849417796875224	0.05400229648281196	-0.6628870518209063	-0.010307995169074324	0.16081668574049357	16.70853099494707	11034.702894627117	0.012859130703439862	2673117.563978012	2690619.3756673457
193.0	2.0	1.0	1.0	-0.21	-0.21	0.0	0.06003206016203843	-0.06675948497589435	-0.001362714579979718	-0.17831587043963962	-0.19921026889979787	-0.0042712520026995104	16.34094184555579	30352.192333724815	0.012931504227644226	2690885.4916067068	2727704.805133995
194.0	2.0	1.0	1.0	-0.0	-0.7	0.0	0.012041148578854785	-0.22293748591618745	-0.018225581750189734	-0.036867939028726884	-0.6732470482279653	-0.05572961776144125	16.619551068288274	5984.776047771447	0.013064398952026351	2727959.4459468937	2740422.4959448474
195.0	2.0	1.0	1.0	-0.0	-0.1	0.0	-0.007553672101311469	-0.022819161784844666	-0.013046524757741373	0.022984709039657207	-0.06968751775028081	-0.03932268253598448	16.618092384305783	5584.202346159145	0.012920213142703427	2740688.1968877423	2751473.1503118672
196.0	2.0	1.0	1.0	0.7	0.0	0.0	-0.22065977342737073	0.007596572178565353	-0.051204753185296825	0.6610729806220883	0.022595500894262543	-0.15420936140986163	16.817203169921413	7651.739557259134	0.013770263358926376	2751738.904496844	2765857.992073492
197.0	2.0	1.0	1.0	-0.21	0.21	0.0	0.05523179399908922	0.06546467087399088	-0.0020727931639348274	-0.1659543361858459	0.1966529668105509	-0.007500137331126977	16.58053119899705	16684.980118094245	0.013105875100284018	2766123.5737687238	2787880.355569563
198.0	2.0	1.0	1.0	-0.21	0.21	0.0	0.05511931077342552	0.06266777142170132	-0.010019478141421567	-0.1655845172352826	0.18790620644438705	-0.029509109635983632	16.9740120327333	7117.474633429083	0.013016084581218534	2788141.174286851	2800292.0998967164
199.0	2.0	1.0	1.0	-0.3	0.0	0.0	0.08982649289362048	-0.012818728663477774	-0.008079011215346377	-0.2695765865015782	-0.03758221560398167	-0.026068116273642694	16.558650881052017	12018.007856488111	0.013337163826059102	2800558.5498754224	2819042.7617759854
200.0	2.0	1.0	1.0	0.49	-0.49	0.0	-0.15159251030237547	-0.16312402085346156	-0.04631219195847458	0.4548099001806988	-0.48869230781536654	-0.13857035934990303	16.712177704903297	19518.963661190355	0.013895876095208173	2819293.089615894	2844244.902253384
