TN	hand	digit	Corr	TargetX	TargetY	EnsPercent	RawX	RawY	RawZ	ForceX	ForceY	ForceZ	RT	MT	EnsForce	measStartTime	measEndTime
1.0	2.0	5.0	1.0	0.07	-0.07	0.0	-0.013869038220553194	-0.010163697263410376	-0.016574599832152592	0.042189761585960626	-0.031073738714532007	0.01633250629434113	1966.534436684924	10417.846379830735	0.0017891544442775462	0.07256968092406169	16851.67377047219
2.0	2.0	5.0	1.0	0.21	0.21	0.0	-0.05799565629179125	0.061147896997548634	0.004256601815822547	0.1729187828474884	0.18295815188906195	0.08344959487296555	5417.595485655511	13218.260792825276	0.0017465872491861127	21902.8302905117	41886.78728549985
3.0	2.0	5.0	1.0	-0.21	-0.21	0.0	0.055573463550377164	-0.06357737498346583	-0.027943639276722165	-0.16668802137755928	-0.1901818472996688	-0.09568717784389957	1783.5600133039407	7951.407122477576	0.001579223229189518	46935.80901701989	61654.27293201901
4.0	2.0	5.0	1.0	0.07	-0.07	0.0	-0.01590999428963913	-0.009130504578208298	-0.003965801480123821	0.04769761359534502	-0.02807126847964303	-0.04938882124055477	9333.886905073996	9651.905847584203	0.0017960941200865304	66704.32704930953	82638.67774393657
5.0	2.0	5.0	1.0	0.5	0.0	0.0	-0.15086595929855515	-0.001077439324221996	0.06001304951552666	0.4525007700749487	-0.003717857076250608	0.3588901441977588	7317.020835886069	12184.483799821464	0.001489992136006893	87688.63741123915	106939.82988791412
6.0	2.0	5.0	1.0	0.3	0.0	0.0	-0.08409510515479938	0.0012556170695806612	0.046344866102083104	0.25354771713371715	0.004252390312326271	0.1120719066147865	7367.113608383988	9884.612383086278	0.00348527673235431	111990.7439012295	128774.50193130152
7.0	2.0	5.0	1.0	-0.0	-0.1	0.0	0.002964326282912034	-0.018933236966352518	0.02206450904097168	-0.008828240301591541	-0.055763894144744586	-0.03996348821240192	3616.790144526931	7817.848640795091	0.004020730892961886	133825.0574722706	148075.80067332948
8.0	2.0	5.0	1.0	0.1	0.0	0.0	-0.018585914660925216	0.00053642791754549	0.018594552529184072	0.05407454175701708	0.00160928375263647	-0.013705928130003042	10883.952327189945	11268.289747764356	0.0036367364275018614	153126.21508632493	170726.77004381875
9.0	2.0	5.0	1.0	-0.9	0.0	0.0	0.28446169837751356	-0.0034488597810581334	-0.08684893873502708	-0.8528995560289563	-0.011479503918204625	-0.18515198901350416	7583.831474966246	10618.218928507304	0.003910453348475428	175777.3018811231	193278.1953269496
10.0	2.0	5.0	1.0	0.0	0.1	0.0	-0.0014399579246208967	0.018706436256198167	-0.009542442969406206	0.0036401190288447216	0.056345893683600545	0.043746211947812585	10733.878955230466	10767.765714435882	0.002663116419133899	198328.16812243618	215062.6086721859
11.0	2.0	5.0	1.0	-0.0	-0.3	0.0	0.003965395701021091	-0.08339452617710996	-0.05066982833600664	-0.011248801631617667	-0.2496656701541734	0.02592596932935709	8616.90246343096	10651.119615256903	0.004455224673543978	220113.36004189344	237346.7040236419
12.0	2.0	5.0	1.0	0.7	0.0	0.0	-0.21697249236693225	-0.0009270818905227074	0.15121597924772745	0.650270091629351	-0.002716507124423395	0.34520206912336093	7200.184742717283	11018.134762263799	0.003471068196243684	242381.66474119952	260648.48012101266
13.0	2.0	5.0	1.0	-0.35	-0.35	0.0	0.10655156491337271	-0.10399048209291062	-0.03361690089265368	-0.3203344494851361	-0.312327508288027	-0.09631877317464221	1150.1605285120604	9934.594660038783	0.00300407850322275	265700.6066679505	282733.139036216
14.0	2.0	5.0	1.0	0.9	0.0	0.0	-0.28388940530485235	-0.0008767498280715103	0.17321513694972135	0.8503087064245212	-0.0025007723899254097	0.5949029068436709	482.8750138576652	11501.344909474028	0.00414426832971187	287785.2313040075	306801.12771096994
15.0	2.0	5.0	1.0	-0.0	-0.7	0.0	0.0009802667649599591	-0.216738850950281	0.010970553139541317	-0.0031997544834581194	-0.6497633830208309	0.10299634699015037	16.50540881200868	15051.532861302803	0.003608456251709887	311853.9708379285	333885.882170176
16.0	2.0	5.0	1.0	-0.35	-0.35	0.0	0.11116164001456885	-0.10235542808261255	-0.022659794003205724	-0.3328051652986886	-0.30761656189856634	-0.12414784161135684	16.6107989516604	9817.949290202705	0.004201780112926609	338936.6317165241	355653.6759643377
17.0	2.0	5.0	1.0	-0.07	-0.07	0.0	0.010602918094465823	-0.01216326382134969	0.0007849362935804516	-0.03281220176413824	-0.036845853473343904	0.05577664454107567	16.691756084583176	5834.421878555986	0.0032547551977153946	360705.39298488165	372937.986107464
18.0	2.0	5.0	1.0	-0.07	-0.07	0.0	0.012519498466777627	-0.012021184289882747	0.054113197528033785	-0.037202433391037716	-0.035578013766063954	0.020842682536035606	16.836530775435676	6217.899767777453	0.003394605488566783	377989.62691160885	390705.6850869667
19.0	2.0	5.0	1.0	0.21	-0.21	0.0	-0.06278179866170486	-0.05682991790515757	0.047148888380248555	0.18789222615510265	-0.16977762969688237	0.04288864270998349	16.56229760737915	7501.967404178686	0.003174148081976958	395757.98230029066	409923.41345901333
20.0	2.0	5.0	1.0	-0.21	0.21	0.0	0.06348604184115601	0.05564580671886765	-0.002348418402387753	-0.1900049556934561	0.16609581904372384	0.2215196337834523	16.593659378486336	10451.445413012152	0.003292831344224071	414975.27525424905	432091.3032347844
21.0	2.0	5.0	1.0	-0.3	0.0	0.0	0.08359023080513468	0.0018815352387979711	-0.006461066605637833	-0.2513857086132773	0.005482759348532595	0.04603222705422416	1333.2064275582525	9034.458199863366	0.0031467709601731924	437143.0085858319	452925.60258362663
22.0	2.0	5.0	1.0	0.0	0.1	0.0	-0.005804932886327666	0.019083818827018928	0.025252356755925187	0.017091105923260196	0.056150901179598756	0.17729060196839352	833.1936640470303	9618.004501508949	0.0026207115841890135	457976.86011774477	473576.9282384308
23.0	2.0	5.0	1.0	-0.7	0.0	0.0	0.21987481638529235	-0.010035139456487707	-0.02150687724117617	-0.6597215569765938	-0.030655696020191803	-0.05838650492105657	7617.257653731031	11068.196537660697	0.05248392711510464	478628.7484610848	496528.17308197246
24.0	2.0	5.0	1.0	0.0	0.5	0.0	0.0015104582024614188	0.15106697248744305	0.04019833676660434	-0.00579377627670327	0.4533627638301905	0.358635751888277	6850.531253829104	8751.579758091793	0.010486467654899278	501580.56292192487	517345.3459859848
25.0	2.0	5.0	1.0	0.35	0.35	0.0	-0.10241876396124207	0.10924407130044078	0.06313749294269333	0.30696496842157545	0.3262108580434251	0.27336761730370374	5850.3660575188405	8668.021422278798	0.006454600162450272	522381.30845688377	538080.6325742324
26.0	2.0	5.0	1.0	-0.07	-0.07	0.0	0.012678517918080312	-0.012480115850594609	0.01706493324177305	-0.03680552135849412	-0.03763456319321734	0.06547724422062695	6133.685387456353	6751.121730353589	0.005931362960197648	543117.1201724746	556281.5426490924
27.0	2.0	5.0	1.0	0.0	0.1	0.0	0.0006147788232005341	0.018041869174337255	0.015834708171199807	-0.0013587973660173151	0.053575329872283084	0.0480076722361904	9633.766709260271	9701.284957435746	0.006246983501585329	561330.2219538237	576999.0657109347
28.0	2.0	5.0	1.0	-0.0	-0.7	0.0	0.001726900745081366	-0.21736284422669583	0.054210214389251	-0.004598055310942886	-0.6520237941329428	0.010605008010966754	1716.050517250551	9317.6400485454	0.00385557056595447	582035.5784715293	598500.4912128688
29.0	2.0	5.0	1.0	0.49	-0.49	0.0	-0.1549311516279512	-0.15139308644482152	0.050061017776753425	0.46404896159169107	-0.45356424313659116	0.5116387640192048	16.60168215767044	12534.77582897176	0.003112922883549707	603552.5597769956	622852.6164469885
30.0	2.0	5.0	1.0	-0.35	0.35	0.0	0.10745274706914075	0.10399024471824692	0.0284562203402684	-0.3208045160759526	0.3120354727018855	0.10743320668342815	16.768701827459154	12068.076560649388	0.0033038745578800074	627902.9564669436	647119.8417178666
31.0	2.0	5.0	1.0	0.07	0.07	0.0	-0.009655081025721997	0.015519193575950663	0.06553322041656484	0.02938604363360555	0.04581308743568946	-0.07307303273062138	6433.871880597508	7084.7329435719075	0.0030479047778764856	652165.0052220994	665220.610373015
32.0	2.0	5.0	1.0	-0.07	0.07	0.0	0.012899772692704696	0.012206966656584606	0.13149672083618735	-0.03792245551237936	0.03610299159259733	0.16587949645225608	6834.140351951646	7101.246739834096	0.003178829215749186	670274.0792767245	683355.1826422071
33.0	2.0	5.0	1.0	-0.07	0.07	0.0	0.013477710966676845	0.011012026869292701	0.06976601815822958	-0.040433132900030366	0.032712387872155135	0.2608430304417291	5917.085309853974	6451.008900908164	0.003875264304415202	688409.0402860192	700839.6654938824
34.0	2.0	5.0	1.0	-0.7	0.0	0.0	0.22234720308025913	-0.01129980697496058	0.024998007171732062	-0.6662971159486148	-0.03302545053843042	-0.021549810025202065	8867.15372227718	12368.063578333931	0.004051602519523161	705891.6097049369	725407.4087445369
35.0	2.0	5.0	1.0	-0.35	-0.35	0.0	0.10617722937017031	-0.10750635490207916	-0.013779946593430292	-0.317172178620475	-0.32167746359335836	0.08230401464864012	5666.80706529678	8034.330929417592	0.003027859298829283	730460.8867650405	745308.6862626687
36.0	2.0	5.0	1.0	0.35	-0.35	0.0	-0.10322868202914884	-0.109279138013473	0.11708102845807078	0.30920050698386226	-0.32767556767255734	0.35916251773859775	4950.517323367421	7651.158999807194	0.003514647775947855	750362.5814676725	764843.0890324234
37.0	2.0	5.0	1.0	0.0	0.3	0.0	0.004418695008127365	0.08473524422486678	0.07305781643396192	-0.013223715750809899	0.25501496451390726	0.19953508812083753	16.41132349595864	8751.297502144553	0.00361625812318265	769896.3358510273	785177.6921528472
38.0	2.0	5.0	1.0	0.9	0.0	0.0	-0.28470026423964434	0.0006527846662743864	0.19492709544517728	0.854100792718933	0.002411523828835249	0.710027338063616	8266.448884687634	11367.811954815807	0.0028800447013274787	790230.593262616	809145.4555333831
39.0	2.0	5.0	1.0	0.0	0.9	0.0	0.006623210858622592	0.2874990454256995	0.07340458686197637	-0.019222247104421837	0.861979227899942	0.37205628747995534	16.39892465664161	14851.295970523097	0.0035727331865170442	814197.9606096147	836280.1288166547
40.0	2.0	5.0	1.0	0.64	0.64	0.0	-0.20144218102448966	0.20510618426132488	0.24738868696116012	0.6024814944798488	0.6157393533404142	0.25157324788279345	10617.461505248684	13901.935750669509	0.002967741875242831	841319.2770601036	862798.504626955
41.0	2.0	5.0	1.0	-0.9	0.0	0.0	0.2831031340702659	-1.3301613488780895e-05	-0.032449756618605274	-0.8487267552864965	-3.990484046600962e-05	-0.014767443350894416	8667.107190160095	11684.559651548625	0.0028817552829007555	867853.1258934455	887249.7636926955
42.0	2.0	5.0	1.0	0.64	0.64	0.0	-0.20563734246113302	0.20096467813255214	0.2436627328908162	0.6167178117419654	0.60308825003909	0.6403496086060715	3283.1617917345284	10167.828146242755	0.004039953375088132	892303.9900196627	910867.5902343821
43.0	2.0	5.0	1.0	-0.49	-0.49	0.0	0.15322427235755007	-0.15121979430183674	0.08304108644235497	-0.4591549086954938	-0.454112552735522	0.166449878690764	4916.956216049584	7451.148205522259	0.003654217263666999	915921.6083337705	930768.7751258854
44.0	2.0	5.0	1.0	-0.0	-0.7	0.0	0.0013177488112245382	-0.21898429019439292	0.10559233386739475	-0.00333823023580004	-0.656726285668173	0.15367331654839644	6417.092603289348	9268.15664256901	0.003900859325888288	935821.825751078	952570.2365115213
45.0	2.0	5.0	1.0	0.49	-0.49	0.0	-0.16119379899030045	-0.1472299878526402	0.1880514412146128	0.4834842891501844	-0.4413986400957698	0.4306226230258482	49.84370168131136	9934.717554424424	0.004106051870426329	957623.9439105648	975538.0195843318
46.0	2.0	5.0	1.0	0.0	0.9	0.0	-0.0012009993153039799	0.283768926868608	0.12877781338215777	0.00418564487021315	0.8517599504358361	0.37067768368046283	16.921863967581885	14051.171471581256	0.0037391338553829714	980598.7447268453	1001971.9202739998
47.0	2.0	5.0	1.0	0.0	0.7	0.0	0.0022686890143279875	0.21876157232858373	0.12002619058518049	-0.006967913410845281	0.6567055175421911	0.3131113023575097	7383.367393675144	9751.19904076746	0.0037559062789531074	1007008.6474615928	1024290.8348503679
48.0	2.0	5.0	1.0	0.07	0.07	0.0	-0.007716433440640241	0.01996179005566756	0.11684529488059481	0.022955084680486876	0.05962641597842444	0.2577457724879735	7533.506406552988	7650.860333631499	0.0029070783440341397	1029327.7925105176	1042958.3632364174
49.0	2.0	5.0	1.0	-0.21	0.21	0.0	0.0593494213147438	0.05805634220587308	0.09649259784847664	-0.1770448164634908	0.17387770315546847	0.10499621881437016	6499.405585020213	7900.948584197977	0.003927629540049241	1048013.2226335718	1062709.2209444128
50.0	2.0	5.0	1.0	-0.35	0.35	0.0	0.10634076325616047	0.10422176702643204	0.042984139772638374	-0.3185691199384695	0.3126005625321514	0.09594715495536088	7300.352783466224	9734.682691801936	0.003341078220794436	1067749.2750325291	1084627.3641670595
51.0	2.0	5.0	1.0	-0.49	0.49	0.0	0.16025599208046107	0.14831636541225357	0.013987176317993733	-0.47986163658135916	0.4456612202553507	-0.03764478828108375	8783.646075838988	10967.673671280863	0.004462293391619145	1089682.5725550952	1108262.0651653851
52.0	2.0	5.0	1.0	-0.0	-0.7	0.0	-0.0019636539278922076	-0.22038765357626633	0.007328511482410205	0.00550253050080926	-0.659026588673028	-0.05199020370795371	4783.246395583774	8715.90865993312	0.003546676278944196	1113319.4812762921	1129278.5789616483
53.0	2.0	5.0	1.0	0.64	0.64	0.0	-0.20025292096573452	0.20613996822525193	0.1155108628976853	0.6003703316143362	0.617513565015732	0.620050556191339	9350.854353015166	16534.204023642815	0.0037152666096332675	1134321.9347879367	1158063.363907415
54.0	2.0	5.0	1.0	-0.64	-0.64	0.0	0.20762504028543485	-0.20012403515018373	-0.07921029678797953	-0.6235548756013225	-0.6004044747241237	-0.015566344701315682	8034.685755044848	12485.931692601298	0.0040911263178559755	1163086.5975103134	1183182.777135955
55.0	2.0	5.0	1.0	0.07	-0.07	0.0	-0.01133680721260601	-0.011907171076568246	0.05873192645150982	0.03394568309067347	-0.036757329984017706	0.19601724879833837	11750.631246828561	12084.8995985707	0.003588553840105387	1188237.4647727066	1206650.72795778
56.0	2.0	5.0	1.0	-0.35	0.35	0.0	0.10623296925926166	0.10672083031873358	0.03951453727015508	-0.31843995358920674	0.3199682753147669	0.32248043945981286	6367.019887740753	8534.733891719952	0.004205978832601857	1211690.2335795602	1227302.1210768602
57.0	2.0	5.0	1.0	0.7	0.0	0.0	-0.21686452141800452	0.0003592687253254345	0.24105861600670786	0.6513056882726037	0.0004951592516754255	0.5029881620507943	9983.887707352551	14451.462552586236	0.004067196754142907	1232356.537762491	1254069.958996306
58.0	2.0	5.0	1.0	-0.35	0.35	0.0	0.1084178563822626	0.10291224864250892	0.06726772564278038	-0.3252535691467878	0.3081540990032252	0.021349983978009246	9933.64250205741	12068.07254926025	0.004089517369234278	1259125.1721250736	1278254.6105451402
59.0	2.0	5.0	1.0	-0.5	0.0	0.0	0.15271918652863134	0.004723320083760751	0.0362066620889554	-0.4575425433880205	0.014849714996300056	0.13109652552070028	7083.564535232654	8917.837263035835	0.003639247085295633	1283303.736208114	1298922.3063155315
60.0	2.0	5.0	1.0	-0.64	-0.64	0.0	0.20020547624248394	-0.20526209194647194	-0.04802372472724714	-0.6004222130860182	-0.6151388903679702	-0.10282603799497081	5416.823475527053	12584.16806700734	0.004016306639889429	1303961.2022061173	1324023.2190160276
61.0	2.0	5.0	1.0	-0.0	-0.1	0.0	0.0006685938194903023	-0.018338246559072013	0.0064222781719686095	-0.003041598212783875	-0.05430261565862571	0.08065387960631532	8633.107382707749	8916.822381510428	0.004539643117582831	1329062.7348486178	1344390.5506981283
62.0	2.0	5.0	1.0	0.21	0.21	0.0	-0.055776168573293095	0.0640781967000742	0.15863465934233656	0.16781404482346357	0.1922669593737948	0.35903512932021187	4750.254540893366	8851.240540414437	0.004557839391775733	1349431.0197827145	1364926.1845997663
63.0	2.0	5.0	1.0	-0.7	0.0	0.0	0.219929986575169	0.008736359039573371	0.004558272678718667	-0.6605991915648141	0.02552932237370198	-0.06304754406043367	5433.214742075506	7651.190726250206	0.003822186210179934	1369981.3794949441	1384510.7731333172
64.0	2.0	5.0	1.0	-0.21	-0.21	0.0	0.06292486653499137	-0.05581937939557102	0.04077148393987773	-0.18812721413352834	-0.16778183092243604	0.0704490363927619	6966.943233734128	8301.074104221698	0.0036353493290880333	1389566.454865304	1404478.3180754657
65.0	2.0	5.0	1.0	0.1	0.0	0.0	-0.016841543139921138	-0.0006266950317868059	0.12755508354314316	0.05120438416478138	-0.0020419314632217356	0.20129651636529577	9267.024701408445	9434.516620282011	0.0035915102695939388	1409534.7098233814	1425329.0134315903
66.0	2.0	5.0	1.0	0.0	0.1	0.0	-0.004504646219219522	0.01770239318081146	0.11134840314335481	0.014873448147694503	0.05336613373101262	0.12511868162049677	767.1847923120367	11484.596264594074	0.004397986746902268	1430368.715246781	1447830.6544545377
67.0	2.0	5.0	1.0	0.1	0.0	0.0	-0.022438518549208017	-4.0716230257809016e-05	0.1283221179522379	0.06559998414829311	-0.0006076877943573811	0.5347489127946856	16.660029639751883	5784.4574705195555	0.002899920413927904	1452872.2284945762	1464815.0541610504
68.0	2.0	5.0	1.0	-0.9	0.0	0.0	0.2856436818235696	0.0009117863297833928	-0.05233357442588049	-0.8568339376499918	0.0021850813386214973	-0.030015143053333637	16.565579653615714	10551.310411525264	0.004099699161873505	1469870.8547760325	1490399.1817494917
69.0	2.0	5.0	1.0	0.35	-0.35	0.0	-0.11342809339106902	-0.10049693976661611	0.169992767223619	0.3404137572674962	-0.3018792505827157	0.31872172121766407	16.5593802339572	14868.242267501046	0.0035771979915493507	1495438.3030072295	1516884.5270498933
70.0	2.0	5.0	1.0	-0.0	-0.9	0.0	-0.0016243937295326652	-0.2845222030236806	0.07124671091782853	0.005423458839326843	-0.8548290107403609	0.34338078278781825	16.77380723049282	11368.300979653213	0.00344683944171749	1521941.0289286824	1543286.1353253156
71.0	2.0	5.0	1.0	0.5	0.0	0.0	-0.15263140105870332	0.004689802779952124	0.23578767986572013	0.4573439255253811	0.015396548556320111	0.6755022018768584	16.68482732202392	9134.310434865256	0.004267101573069514	1548342.8319388276	1565687.221026099
72.0	2.0	5.0	1.0	0.49	0.49	0.0	-0.14804830466805385	0.1603317189170026	0.18610025177386036	0.4446628223813182	0.48067146401528515	0.3876896314946183	16.80699236385408	16751.68478356136	0.0039707085181567795	1570744.120032441	1594472.2379031081
73.0	2.0	5.0	1.0	-0.64	0.64	0.0	0.2086816942201222	0.19953683063215244	0.0583911985961697	-0.6260127133867942	0.5972833516799932	0.2429236530098413	16.86023444017337	12501.731461545205	0.0036099374587391115	1599528.877263152	1619507.1008886315
74.0	2.0	5.0	1.0	-0.35	0.35	0.0	0.10417808577073331	0.10715432394631685	0.016514894331273067	-0.31298742714221184	0.3206213707260708	0.16540643625543505	16.55646285871626	9817.812538291037	0.0043149540351054986	1624563.1483864	1641258.0731035613
75.0	2.0	5.0	1.0	0.21	0.21	0.0	-0.05891937177786895	0.0620571714717052	0.12618353551537564	0.17565756003214933	0.1839704038122002	0.4116474250400617	16.431745114459773	10051.322445693586	0.0034779480933439222	1646315.5358924542	1663142.6683470744
76.0	2.0	5.0	1.0	-0.3	0.0	0.0	0.08460614261415222	3.596873678901602e-05	-0.011056009765771257	-0.25297682672957705	0.0008847687761021072	0.11913226825361334	16.48134047536587	10351.333896387587	0.00319732155418254	1668199.7485952834	1685244.2520436198
77.0	2.0	5.0	1.0	0.64	-0.64	0.0	-0.20275092254585506	-0.20322262486396503	0.23453726405737696	0.608479352552571	-0.6087291656582987	0.8132936415655847	16.627209182843217	14168.073205670225	0.0037290225518685134	1690300.542777457	1711995.0689083762
78.0	2.0	5.0	1.0	0.21	-0.21	0.0	-0.05862395683953888	-0.06009454904467093	0.13447661860075133	0.17467420739644218	-0.1795391538418506	0.46591555046922595	16.687015351635637	9251.190653316371	0.0044019240100577365	1717035.9730463806	1733330.0593102158
79.0	2.0	5.0	1.0	-0.07	0.07	0.0	0.015855424010299223	0.010608796354543704	0.06333531700618389	-0.04746916421018091	0.030758203035745946	-0.059753719386575144	16.461283526950865	7534.324000653214	0.003959914814681041	1738387.124606883	1751897.3879290733
80.0	2.0	5.0	1.0	-0.07	-0.07	0.0	0.02011375300534326	-0.007451998055073239	0.09389391927977697	-0.060341259016029776	-0.021967562882352354	0.24995825131609917	17.40250135662791	7634.621499879358	0.003430833013442721	1756954.0236424	1770981.9611464117
81.0	2.0	5.0	1.0	-0.07	0.07	0.0	0.015496138021356277	0.010731165156356304	0.08531945372702054	-0.0460999827812013	0.03063977033759946	0.2552717051957103	17.073932094717748	7818.449255193627	0.004096549708183387	1776040.150361463	1789832.44280488
82.0	2.0	5.0	1.0	0.07	0.07	0.0	-0.007776372703490107	0.019551459880263078	0.1261040909437755	0.022358039903301746	0.05878385673507869	0.31839009384299954	17.371504256516346	7217.767027254013	0.003652618399544559	1794872.8349437243	1808083.9828137488
83.0	2.0	5.0	1.0	-0.21	0.21	0.0	0.0635132708740848	0.054885417955421234	0.09852350652323671	-0.18982768860366422	0.16459151531911898	0.2752455024033106	16.920769952776027	9184.640608680638	0.005112009307447696	1813142.010114536	1829051.7655218882
84.0	2.0	5.0	1.0	0.49	0.49	0.0	-0.15831348607796972	0.1485867351646517	0.2168190615701603	0.47481098113962006	0.44563072839966567	0.6936707347219253	16.779641979155713	12868.30426169945	0.003746158931866052	1834110.5389411096	1854486.5067799764
85.0	2.0	5.0	1.0	0.3	0.0	0.0	-0.08663866972440042	-0.008315308160760315	0.19841291523613902	0.2596246857110508	-0.02446038537869666	0.6418855756466182	16.48717522402876	10201.48880895249	0.003700547821641028	1859544.8006558253	1876254.418727791
86.0	2.0	5.0	1.0	0.5	0.0	0.0	-0.1508079578762171	-0.002464057001901443	0.19886553444724786	0.45200307307221155	-0.006647677713541467	0.7354384435797842	16.939003542574937	6501.158562201454	0.0035647904454878814	1881316.0369514609	1894821.9016028051
87.0	2.0	5.0	1.0	0.35	0.35	0.0	-0.10568084008608498	0.10628253740685545	0.12743431143664274	0.3155535336739299	0.319171304956289	0.6613599267567124	16.71545974932087	16468.292154597293	0.0037202390847164393	1899880.1312964223	1923373.1540315184
88.0	2.0	5.0	1.0	0.21	0.21	0.0	-0.057176165550713746	0.06185199775219263	0.11940071107042483	0.17120480391641843	0.18536177761514405	0.6150572487983654	16.341671187547036	8335.278857204685	0.0035821778856219713	1928415.1383272947	1943341.2335824778
89.0	2.0	5.0	1.0	0.35	0.35	0.0	-0.10418447762328857	0.10959786314467734	0.17792026245518355	0.31287712560558867	0.3285993737925982	0.7538569192034997	16.488998580825864	8017.6800165700115	0.004384591134239336	1948399.058855106	1963225.8317433642
90.0	2.0	5.0	1.0	0.49	-0.49	0.0	-0.1545713002556969	-0.15067264999678487	0.1549436545357531	0.46216017563562106	-0.45234164272607724	0.6534782513161171	16.846376913235872	12917.722391430289	0.0033827539312349564	1968283.6982239024	1988743.747337896
91.0	2.0	5.0	1.0	-0.21	0.21	0.0	0.06604715055703259	0.056341521673699435	0.10494581521325452	-0.19791486675609155	0.1679563789932128	0.35947008468760044	16.373397631468833	11851.34811858552	0.0047716838559001004	1993802.5838453323	2012211.815584029
92.0	2.0	5.0	1.0	0.7	0.0	0.0	-0.21895394507938634	-0.0026386784430670884	0.2322077363241113	0.6570560508795927	-0.008239728064923901	0.8395849851224825	16.549169422432897	11501.573558671225	0.0036476187266970606	2017271.0098344688	2036513.2142461208
93.0	2.0	5.0	1.0	0.3	0.0	0.0	-0.0852554098193686	0.005234612181403642	0.22052854200046812	0.25608992219382876	0.016869130392813014	0.6600749828336314	15.752726285427343	9034.226633291837	0.0036955264683896137	2041571.748805336	2057514.2046946385
94.0	2.0	5.0	1.0	0.0	0.5	0.0	0.008737494122107283	0.15356699822613473	0.09823644769971496	-0.025888789630599048	0.4607657332255486	0.30244566720076993	16.5455227070197	10084.799313834083	0.003789472543950378	2062555.6631337258	2079398.8199950983
95.0	2.0	5.0	1.0	-0.0	-0.1	0.0	0.0035083717695021614	-0.017633157462597193	0.1384125795376614	-0.010460376761361924	-0.05212260982205652	0.21670260471506708	16.59438872229657	6267.872198592158	0.0036200229842134808	2084458.0022113696	2097200.13770006
96.0	2.0	5.0	1.0	-0.7	0.0	0.0	0.21714098090973047	-0.0011591091593985414	0.008311284046701006	-0.6520703282006372	-0.0037362816667738663	0.1223016708629232	16.992974962704466	10334.698299753654	0.003702576528904536	2102257.3835092518	2119501.3259465415
97.0	2.0	5.0	1.0	0.49	-0.49	0.0	-0.1481959948736064	-0.15705089882481515	0.22011390554666022	0.44329321367792796	-0.4712821735687346	0.6215685420004752	16.660029641570873	9167.937912443449	0.004085845392781468	2124560.5183736226	2141252.1738083977
98.0	2.0	5.0	1.0	0.9	0.0	0.0	-0.28354207005171245	0.002063528242523871	0.35209642481117465	0.8501083017779809	0.005996369086137765	0.9992052735179825	16.323437599567114	16618.669662810134	0.004551224723989946	2146310.286077707	2170520.6003080746
99.0	2.0	5.0	1.0	0.07	0.07	0.0	-0.010688463610662695	0.017690101488666676	0.023707820248725642	0.032227237199849566	0.05174316424953629	0.43331160448616324	16.46638893180352	10651.107216415767	0.003953777350539467	2175580.3539650026	2192205.3926202096
100.0	2.0	5.0	1.0	0.35	-0.35	0.0	-0.1117513650200245	-0.10378312884231389	0.19901965056840176	0.33480092523006144	-0.3111551708855078	0.6191234973678286	16.688109366441495	11051.335938547709	0.0033458769430858718	2197264.9923856533	2215523.177443447
101.0	2.0	5.0	1.0	0.21	-0.21	0.0	-0.059218632185899345	-0.057518865523879414	0.14336795300221705	0.1788211904063003	-0.1712618256287467	0.18862983749143014	16.72348252759548	9067.793575359246	0.003549386041969071	2220583.207156902	2236307.561250269
102.0	2.0	5.0	1.0	0.49	0.49	0.0	-0.15197313951133729	0.152196737821365	0.248192288090338	0.4554986179775723	0.4554572888890651	0.7809238544289447	16.746456849432434	9617.633994994321	0.003647460957327727	2241343.558000315	2258892.343059859
103.0	2.0	5.0	1.0	-0.49	0.49	0.0	0.15113955303059434	0.1509004347328584	0.08449193255512633	-0.45416315238394556	0.4531868433021595	0.2151146166170843	33.43748358929588	13034.769629550283	0.0052819879079671955	2263951.5427803746	2284160.164569075
104.0	2.0	5.0	1.0	-0.49	-0.49	0.0	0.15945499930025392	-0.14946092134626354	0.007902372777908617	-0.4773939196935931	-0.447735378567345	0.06925529869536451	16.621009761365713	8351.162135983031	0.004632190998596966	2289219.781838763	2305461.154434117
105.0	2.0	5.0	1.0	-0.0	-0.1	0.0	0.0028857725298069223	-0.02124619419922036	0.1194338414587669	-0.008009932117975162	-0.06496861499340789	0.4828609201190338	16.54260533177876	10651.156082432863	0.004079054617686392	2310503.490638146	2327545.935879034
106.0	2.0	5.0	1.0	0.0	0.3	0.0	0.0030187455056417314	0.08529727839575874	0.10064184939345944	-0.00847358959262415	0.2569276519415892	0.02552362554361931	33.204458330146736	11151.322008086936	0.004768438865370687	2332606.5435972395	2350930.6343246573
107.0	2.0	5.0	1.0	-0.0	-0.3	0.0	-0.004133012431384659	-0.08515177635309834	0.11420346379797575	0.011816390369852933	-0.25564954470072854	0.4141141680018464	49.71023181497003	7851.426158344111	0.005326356234730041	2355989.3752880907	2370731.5435972395
108.0	2.0	5.0	1.0	-0.1	0.0	0.0	0.0177541408595024	0.004361496343774585	0.0819865049210391	-0.05400691587066973	0.013699505229197495	0.3349959075303409	6817.0051550005155	7184.4425919116475	0.004216534439648259	2375791.5240800064	2389349.561591602
109.0	2.0	5.0	1.0	-0.1	0.0	0.0	0.01894227015163405	0.005261996586846895	0.14353212787060798	-0.057409457379203194	0.01688654506199805	0.2957829251545112	6216.938857673085	6517.614010981561	0.004503075886002053	2394408.727762315	2407400.1758447248
110.0	2.0	5.0	1.0	-0.0	-0.5	0.0	0.004386187625654448	-0.15167282170703555	0.1041652613107541	-0.012737762320523618	-0.45427397182894447	0.15538889448387583	2066.973063885598	10034.82360097405	0.004053827083078874	2412444.53050698	2429601.572391721
111.0	2.0	5.0	1.0	-0.35	-0.35	0.0	0.10837119283748073	-0.10313855733971855	0.07559250476844603	-0.32388354611669534	-0.30889776364199917	0.4728750194552581	1633.3294678133825	9651.09773495169	0.004508354265375564	2434662.30045161	2451636.1374404132
112.0	2.0	5.0	1.0	-0.49	-0.49	0.0	0.1518576286796187	-0.1549291965238302	0.027552465094987433	-0.45557288603885615	-0.4654997135900809	0.040496717784390235	999.9584274191875	8501.2916673968	0.004161514120107502	2456696.0059689484	2472270.5488893553
113.0	2.0	5.0	1.0	-0.1	0.0	0.0	0.019306687749413985	0.003979914399193651	0.09142182955672495	-0.05804954034253108	0.012069220291870408	0.375387026779582	33.22998535622901	6617.496878410748	0.00425542704003982	2477322.7377951643	2490338.2239463897
114.0	2.0	5.0	1.0	0.0	0.7	0.0	0.004717964047964067	0.21787900466308274	0.1457071244373216	-0.014509954153187366	0.6542520301871213	0.3848439642938827	33.13991142749728	8617.833105778118	0.004913198559408781	2495399.098239657	2510822.923777767
115.0	2.0	5.0	1.0	-0.64	0.64	0.0	0.20138363148245209	0.20533711960670165	0.023487333485920026	-0.6051219726545249	0.6154287118958037	0.3047032455939467	16.793864178907825	10868.245914216459	0.004600985476606257	2515882.180022405	2534873.8687881813
116.0	2.0	5.0	1.0	-0.0	-0.9	0.0	0.002337268715269694	-0.285292850688882	0.06317694666971241	-0.006137835759357432	-0.8561698755287965	-0.055880009155431454	16.51489027790376	17202.177673918413	0.004633384943632857	2539917.993707224	2563908.938542596
117.0	2.0	5.0	1.0	-0.49	-0.49	0.0	0.15597566061119406	-0.1525787254608404	0.09451497978178824	-0.46553165558923315	-0.45708879091107557	0.12932200503545388	532.7807097401092	6433.816085818762	0.004686650881939584	2568969.9995478075	2582642.7186717773
118.0	2.0	5.0	1.0	0.21	-0.21	0.0	-0.06243163649200626	-0.05548174629268032	0.19833522850384366	0.18745675584388027	-0.16673656234019174	0.513522508583172	16.5830838977854	12268.115069988198	0.005093727372914727	2587687.8839993696	2606527.9491735073
119.0	2.0	5.0	1.0	0.0	0.5	0.0	-1.6357272912340126e-06	0.15220176153263154	0.111524675364301	-0.0014840794024513562	0.45802953263507495	0.1440041016250614	166.8486378785019	11184.930887406153	0.004138678845197765	2611588.157576129	2629612.5942311846
120.0	2.0	5.0	1.0	-0.64	-0.64	0.0	0.1998087152665504	-0.20536657996155205	0.06535177843899354	-0.5983255904981937	-0.6155818315074993	0.005851627374659385	16.624291807602276	10434.588460619125	0.004354398415506088	2634673.859817256	2652797.2388512553
121.0	2.0	5.0	1.0	-0.21	0.21	0.0	0.06619545362083153	0.05431194232530301	0.08191885862515169	-0.19855399158892223	0.1626445035137586	0.27610677042798415	16.572873088080087	10584.721638748306	0.0047624443101709065	2657858.0015549595	2675565.337875685
122.0	2.0	5.0	1.0	-0.0	-0.7	0.0	0.0012101403981607268	-0.2184215093722468	0.15624028686960156	-0.0038570061094882254	-0.6547142504660114	0.2878098970015719	16.43721519212704	10251.20049945508	0.005541317988741978	2680626.7066638665	2698149.495731881
123.0	2.0	5.0	1.0	0.21	-0.21	0.0	-0.06319413141617816	-0.05705721926009155	0.1154232761119921	0.18993845625782965	-0.16958556337523267	0.35025243305101406	16.36063412115618	11051.278685081343	0.0033116349952191527	2703210.9906964945	2721134.2484406633
124.0	2.0	5.0	1.0	-0.9	0.0	0.0	0.2851689281619395	-0.0007490120427507962	0.07829123979551833	-0.8554420459386741	-0.0022470361282523887	0.08568626230255394	33.34121024272463	10984.78407055336	0.004514672846465481	2726195.7758610626	2744519.0417009452
125.0	2.0	5.0	1.0	0.07	0.07	0.0	-0.00843285609876102	0.019515775993081408	0.06700503242541123	0.023841950985530196	0.05838548161138324	0.30360150148772336	16.732599322494934	9017.867093187306	0.003780036274306682	2749579.091471349	2764570.3357022414
126.0	2.0	5.0	1.0	0.0	0.3	0.0	0.00405115269647177	0.08603600564132485	0.0839217212176615	-0.011279487702963659	0.2575577392732459	0.3629576562142113	16.557192202526494	7851.2423637730535	0.005391397049248021	2769631.418587758	2784087.8031151714
127.0	2.0	5.0	1.0	-0.0	-0.3	0.0	0.0009505776672392632	-0.08343372752536482	0.08522540321964711	-0.0032077950110129556	-0.2505277674911005	0.25219715266649456	16.64033736597048	9216.73427681344	0.005314035503612077	2789152.47254751	2805171.119673603
128.0	2.0	5.0	1.0	0.0	0.3	0.0	-0.000570204175540075	0.08467878357994985	0.10745162127107233	0.000966119234457696	0.25355081163626525	0.12871787594413941	16.5692263708479	11685.04721770114	0.004189178964698771	2810217.1923045497	2828523.6522460855
129.0	2.0	5.0	1.0	0.1	0.0	0.0	-0.01680900986202957	0.000187517359755196	0.11127050278476935	0.04997385975607661	0.000950983362132618	-0.02283761043717747	16.542970002774382	11134.652132308474	0.004782937210591728	2833585.619095964	2851008.1624481427
130.0	2.0	5.0	1.0	-0.5	0.0	0.0	0.15356570777109355	0.0007692277330751951	0.12030979476615034	-0.4600173685682625	0.0018221440956412982	0.3155643121995727	6267.180416250994	7767.7985348946095	0.004969923988692615	2856069.4761708872	2870676.181682391
131.0	2.0	5.0	1.0	0.0	0.5	0.0	0.007873351047112193	0.1526426655659081	0.12230384374761072	-0.02420270006563779	0.45734534977342345	0.3696123781185474	10083.916808158392	11884.81331722869	0.005386784910894833	2875738.420942078	2894378.4293732895
132.0	2.0	5.0	1.0	-0.21	-0.21	0.0	0.06162317288345843	-0.05581712649411674	0.09197347981993964	-0.18396317899035128	-0.16758085657663935	0.27372314030669465	6166.746894456082	7300.966890721611	0.005401583598466007	2899439.246413089	2913428.3383512176
133.0	2.0	5.0	1.0	-0.0	-0.9	0.0	-0.00741471728372156	-0.2855711703348602	0.07424296635385186	0.022923906596182646	-0.8563574489952855	0.26278383154038387	8032.401451102487	12349.600246810951	0.005171115245206011	2918490.440494319	2938461.5880288472
134.0	2.0	5.0	1.0	-0.0	-0.3	0.0	-0.001845044277717197	-0.0848837199247865	0.13613674525062347	0.00459642389955538	-0.25455405195364256	0.4480073975737975	7083.582039478642	8417.18413590388	0.005416828777311046	2943487.398402445	2958496.4163705534
135.0	2.0	5.0	1.0	0.5	0.0	0.0	-0.1517314964102655	0.0015063278831612958	0.21320808728159812	0.45470895012721224	0.004875045658779054	0.7481159075303055	1933.4083827834547	13585.639152910517	0.004818113194226156	2963536.799757274	2984632.1825751076
136.0	2.0	5.0	1.0	-0.5	0.0	0.0	0.154055264980504	0.005121319723906725	0.07793889677271137	-0.46200394857365057	0.015461066992436767	0.17041545433736038	11083.871224189352	12284.928626442706	0.0047877044226761105	2989693.654565399	3009033.5541785555
137.0	2.0	5.0	1.0	-0.64	0.64	0.0	0.20199637319936925	0.20504246858323694	0.05732496528572206	-0.6059891195981075	0.6151921442968552	0.23478102998396877	9017.476894396168	12151.625050324583	0.005545986715738837	3014079.0243717437	3033501.7777748597
138.0	2.0	5.0	1.0	-0.0	-0.3	0.0	-0.00843551469509693	-0.08809280970673838	-0.0015116502632213091	0.026148145198170242	-0.26324261236590185	0.42718855573356806	6367.008582916242	7784.333482120928	0.005259196366386086	3038563.6724197282	3052885.877064771
139.0	2.0	5.0	1.0	-0.0	-0.5	0.0	-0.0025709921340742446	-0.15108754639770938	0.14159125352864665	0.007421652940072129	-0.4524534073538212	0.22413288166627876	4533.793403234085	7251.034209130012	0.005882445194944425	3057948.781850431	3072137.055683919
140.0	2.0	5.0	1.0	0.35	0.35	0.0	-0.10208041873434871	0.10918326454107097	0.21361091325245807	0.3051730701751608	0.3270642545196283	0.7267562920576718	6733.653588078596	10018.08297887328	0.005246796277964144	3077199.6322649904	3094204.7066726172
141.0	2.0	5.0	1.0	0.0	0.7	0.0	0.004946210585680152	0.2189431466897369	0.13727920653085945	-0.014773893209895729	0.6561820545977648	0.40313997711146143	7000.6761014537915	11001.496612929259	0.004521502764186194	3099268.1890983568	3117273.0676772445
142.0	2.0	5.0	1.0	-0.5	0.0	0.0	0.15326309390632112	-0.0021715078232432683	0.14306075837338572	-0.45894768060608393	-0.007226647488320137	-0.2528502265964827	9200.582599612972	11451.370655300707	0.004396750904807467	3122336.3320292663	3140690.6872312375
143.0	2.0	5.0	1.0	0.49	-0.49	0.0	-0.1520503208072431	-0.15246072866890004	0.22297955596245878	0.4569925635346087	-0.4580295714781457	0.48244290226595266	6150.255343171011	17868.631736946554	0.004693970395032317	3145753.3097609505	3170525.7494734144
144.0	2.0	5.0	1.0	-0.49	0.49	0.0	0.16130863222522554	0.14917436695710018	0.05579127489127833	-0.4842819586849716	0.4467138690319936	0.30777208514533894	7083.691076335526	9167.85586129481	0.004579311841377012	3175588.646236296	3191960.3382987045
145.0	2.0	5.0	1.0	0.07	-0.07	0.0	-0.015493289525282181	-0.010685425214835398	0.16097651026168924	0.04537931327438885	-0.03270366111595213	0.17658940718699045	5700.487420283025	5967.630640014249	0.005076392860651535	3197023.2740814644	3209377.8962231684
146.0	2.0	5.0	1.0	0.9	0.0	0.0	-0.28645707850940977	-0.008188481030987349	0.30044022888532274	0.8591446506132231	-0.024015165442233366	0.9848180544746911	11367.29339156409	16767.695697455565	0.004743205351089261	3214441.416574769	3239862.9592676223
147.0	2.0	5.0	1.0	0.21	0.21	0.0	-0.056680743028931654	0.06465105084016198	0.19592267338063207	0.1688445659646205	0.19450343017121463	0.6651312611581468	66.62006161423051	17535.135395331963	0.004687667533058679	3244924.7984823813	3269197.7804617616
148.0	2.0	5.0	1.0	0.35	-0.35	0.0	-0.10815806922437776	-0.10382485067798641	0.17753353170061315	0.32453894622027785	-0.31089190510965803	0.5607077134355541	8233.740744630268	11017.897360943607	0.0052096604584355765	3274244.6145273554	3293149.203265126
149.0	2.0	5.0	1.0	-0.49	0.49	0.0	0.15588195372215402	0.15158630079674096	0.058900636301209675	-0.46722506061002234	0.45479127166379474	0.11984679331653803	2833.375270587567	9701.528922847501	0.004545246928411372	3298212.49934359	3315267.126809502
150.0	2.0	5.0	1.0	-0.0	-0.5	0.0	-0.0028336882106775427	-0.15238491983019586	0.049201776150145204	0.008533433905604825	-0.4562160505569912	0.25591386587318676	8567.192960959801	11134.727984037454	0.005138467869675803	3320314.0276100296	3338535.0391219873
151.0	2.0	5.0	1.0	-0.64	0.64	0.0	0.20263462621976436	0.20145499494093555	0.09783970702677758	-0.6088425875928891	0.6032967987949212	0.2017818814373935	11834.051736712354	15884.97340813592	0.004530242246862884	3343599.279335656	3367403.418506072
152.0	2.0	5.0	1.0	0.35	-0.35	0.0	-0.1068296342369712	-0.10560868250142375	0.16015064316777117	0.3198738865130404	-0.3172468480607108	0.5605160173952797	6166.98466044727	8851.428711046538	0.0054148641917534865	3372467.550776897	3388687.9376061186
153.0	2.0	5.0	1.0	0.0	0.1	0.0	-0.0036301190812625815	0.018132226922552452	0.13833455100327874	0.011408265620944229	0.05478511205052505	0.13782352025634603	7883.522743848516	8150.722123031301	0.004999396043885473	3393750.977320333	3407872.26642044
154.0	2.0	5.0	1.0	0.9	0.0	0.0	-0.28566781635394506	0.004536834224876496	0.2604275516899339	0.8571652954296969	0.014354995966792017	0.7088633371480808	8783.869619632242	15101.462625520071	0.005508333231916245	3412935.806828989	3435440.2197220335
155.0	2.0	5.0	1.0	-0.64	0.64	0.0	0.20251192077750657	0.20287040832438719	0.05952468146791523	-0.6069531154082185	0.6085464864260165	0.05863813229571191	16.627209181024227	14701.321789283611	0.00593016260100645	3440503.666409937	3463608.55877342
156.0	2.0	5.0	1.0	0.0	0.9	0.0	-0.0020251641794858653	0.28420803548620965	0.1448976577401342	0.005816538349879021	0.852624106458629	0.5843382009613045	8033.779545707148	10884.81951664835	0.005165888628332093	3468672.2184296357	3486793.349262196
157.0	2.0	5.0	1.0	0.07	-0.07	0.0	-0.01888080737497509	-0.009870833023818415	0.11489513084610725	0.05589792883276273	-0.029256437062160412	0.45491656672005665	7733.691878613172	8267.863081797259	0.00415033658708289	3491858.143412277	3506427.621771196
158.0	2.0	5.0	1.0	-0.1	0.0	0.0	0.019231202603443454	0.0003071153517721914	0.06934126802471363	-0.056754898876734156	0.0014716237060452553	0.31303639276720563	9400.284152241511	9584.42917199136	0.0049787293862714795	3511475.452484727	3527345.0414850595
159.0	2.0	5.0	1.0	0.35	0.35	0.0	-0.10421364449672825	0.10766535708979375	0.16658722209505783	0.3138385966123592	0.3217984081472066	0.6663901853970982	11367.169403163643	14201.419156644988	0.005260982193611871	3532392.2920058123	3553730.075064037
160.0	2.0	5.0	1.0	0.64	-0.64	0.0	-0.2007815241508794	-0.2055709595548676	0.21310513160905775	0.602215095358349	-0.6169070943060363	0.7819567315174916	10117.16429775879	15285.098198812193	0.006164002033936157	3558777.378826866	3582165.173335783
161.0	2.0	5.0	1.0	0.64	-0.64	0.0	-0.20496401841179826	-0.19893529731567872	0.22020190127411976	0.6155394407068404	-0.5975827545127712	0.7712030945296149	16.657841610140167	9535.57117809396	0.00422585182133167	3587229.6407399625	3603883.802811764
162.0	2.0	5.0	1.0	0.7	0.0	0.0	-0.2173293571342121	-0.0018980306205823583	0.18237033035781447	0.6519557021290638	-0.005596984041030151	0.9113133257037933	16.55391015628993	11234.960571688134	0.004677332234424428	3608948.226455332	3628084.319405789
163.0	2.0	5.0	1.0	0.5	0.0	0.0	-0.15080604161522135	-0.0037954613306500073	0.1566387060349328	0.4534539415999772	-0.011256906897660568	0.5417861112382386	16.7595850325597	8367.975692439359	0.005100826947232783	3633148.964405118	3649452.0927053983
164.0	2.0	5.0	1.0	-0.07	-0.07	0.0	0.011741043332782877	-0.015059359991462906	0.10449066300449039	-0.035546822734071434	-0.046084419634412566	0.07373749599447355	16.62903253964032	9217.863300598765	0.004682714682665887	3654516.7796419794	3670119.8202022314
165.0	2.0	5.0	1.0	-0.7	0.0	0.0	0.2180054908364929	-0.005389462470253514	-0.019785885404756787	-0.6546638579809243	-0.01545626339217021	0.1427480888074737	16.550263439057744	9400.251696453779	0.005378577213747439	3675184.508232829	3691653.2770134252
166.0	2.0	5.0	1.0	0.0	0.9	0.0	0.0007053307870431697	0.2872397545966967	0.1671981322957079	-0.003896302407605339	0.861104247592217	0.4586555092698201	10300.901249804156	15402.3416303462	0.005601020301994504	3696690.206958521	3719372.8655761518
167.0	2.0	5.0	1.0	-0.07	0.07	0.0	0.020490527033821607	0.0072979332605913605	0.0782845990691875	-0.06020917943214581	0.021278783583900673	0.18811541313798152	8767.094353714128	9051.612724419101	0.006366117338725568	3724436.893550852	3739773.7744111274
168.0	2.0	5.0	3.0	0.64	0.64	0.0	-0.20300293244627612	0.1935837241591386	0.15052476386662417	0.6099475062724248	0.5824667439767469	0.7136022156099435	8316.91982180564	0.0	0.0047755900243377815	3744822.7899432275	3774809.5056801266
169.0	2.0	5.0	1.0	0.3	0.0	0.0	-0.08600578568751474	0.006702394733602013	0.14161562523840887	0.2576936643268213	0.02056035403081813	0.32706706340119596	50.10954739736917	7401.0988289646775	0.004732193694106926	3779873.5303727826	3794009.5886794208
170.0	2.0	5.0	1.0	-0.0	-0.5	0.0	-0.0044753023937505795	-0.1524296584821716	0.05943149156937899	0.013749599916974541	-0.45703002125793657	0.012535719844323667	16.78912344686978	8951.598575155003	0.005738709859738205	3799059.1949797818	3814761.4003687557
171.0	2.0	5.0	1.0	-0.1	0.0	0.0	0.021925763360404242	-0.0022534538762143397	0.034676200503536814	-0.06415882640259837	-0.005918760515763899	-0.09079859006640945	83.3577663415781	5767.75368026756	0.0052736571217204126	3819824.8054840807	3831878.945383838
172.0	2.0	5.0	1.0	0.7	0.0	0.0	-0.2179340755871861	0.004221790559056138	0.23287351186387906	0.6535432725729801	0.011823770564288627	0.7741526939802845	1950.070965125633	14934.678534544219	0.005220390360520478	3836945.1139818067	3858930.445789354
173.0	2.0	5.0	1.0	0.49	0.49	0.0	-0.15177538051342299	0.15252964501032373	0.1915907164110663	0.4563295890210099	0.45794499704026637	0.6531424856946317	16.83215471348376	14335.094697962631	0.005271280466949418	3863995.789864459	3885481.932702014
174.0	2.0	5.0	1.0	-0.0	-0.9	0.0	-0.0037702219290895924	-0.2838537688925775	0.057534880598142824	0.010986973051545891	-0.8508491826591422	0.23161127946895366	16.773442559497198	12301.351254762267	0.00534847230823454	3890550.6893755062	3909366.5191934053
175.0	2.0	5.0	1.0	0.0	0.9	0.0	0.009902503121102368	0.2892340902800372	0.18090661783778683	-0.030257787014036117	0.8667635619065159	0.40813528038449787	16.288429111227742	10183.615516347345	0.005602649160101154	3914420.4658171274	3932584.544043597
176.0	2.0	5.0	1.0	-0.0	-0.5	0.0	-0.008013751692256302	-0.1534853844976769	0.0818905134660759	0.02417073217105803	-0.4600029836630186	0.45510161593038634	2549.8874622917356	6435.0417476234725	0.005032704417049537	3937642.4214642886	3951002.2471074224
177.0	2.0	5.0	1.0	0.0	0.5	0.0	0.003911282907414621	0.15355490074964573	0.06884683298999428	-0.011377786712948697	0.46050285588107587	0.19093051956966212	16.573602431890322	9117.930473141314	0.005604908272477798	3956068.9211404608	3971802.9437763654
178.0	2.0	5.0	1.0	-0.49	0.49	0.0	0.1564452740321811	0.15006143179369735	0.08231404287784316	-0.46891502154010367	0.4505403573903872	0.14023578850993146	2316.6685629585118	12434.86889320593	0.00509602175384447	3976869.8920425703	3996704.990387252
179.0	2.0	5.0	1.0	-0.0	-0.1	0.0	-0.006785531975829504	-0.018379705124635937	0.13331206836040888	0.020065272465338072	-0.05581887011892561	0.17622368505376051	4050.1722709414025	4484.204607117135	0.005374985380793348	4001770.8450028296	4012605.595815319
180.0	2.0	5.0	1.0	-0.0	-0.9	0.0	-0.0012973130098425118	-0.2847064705083423	0.11476185854885768	0.0028237530016422038	-0.8531807025914305	0.04984748912791892	6916.6703133851115	12018.020984673058	0.004573975253497753	4017654.4596439637	4037240.1731899153
181.0	2.0	5.0	1.0	-0.9	0.0	0.0	0.2875674395428082	-0.0033486358782560677	-0.060742778667896125	-0.8626699493548524	-0.010466708191208096	0.0019327992675407524	33.26754654699471	10551.232736437669	0.003997665899485681	4042290.2688797857	4060258.210949489
182.0	2.0	5.0	1.0	-0.21	-0.21	0.0	0.06002333664280946	-0.05658902577121816	0.04267719539176462	-0.1807497646734462	-0.17077052479439525	0.21606088349733554	7367.08698734401	8601.340095805426	0.005224738179957034	4065326.058131597	4080642.715754404
183.0	2.0	5.0	1.0	-0.3	0.0	0.0	0.08496798361775601	-3.236495764880054e-05	0.06364292057678023	-0.25347970281608734	0.0004855520513548095	0.2963991210803063	5482.792962709937	6883.48372397013	0.005475456054125098	4085709.6235420415	4099243.754631332
184.0	2.0	5.0	1.0	-0.21	-0.21	0.0	0.05779243767640138	-0.059449261102128226	-0.00787157396811744	-0.1731507281141981	-0.17857436822139072	0.22129257953762504	6500.3989509132225	8083.7195207350305	0.005933387068430664	4104310.6704417476	4119077.5937644048
185.0	2.0	5.0	1.0	0.64	0.64	0.0	-0.20330798479632448	0.20020933034401267	0.2614786419470435	0.6111539867847201	0.5999806055605924	0.7191578301670635	1982.6423532704212	15634.047141849805	0.005349081608044677	4124128.319242416	4147229.4883071645
186.0	2.0	5.0	1.0	0.0	0.7	0.0	0.0033422699211420963	0.21747752208913473	0.14789487754634056	-0.010382871772721455	0.6520765042581094	0.262819446097479	16.505773484823294	14518.30761668134	0.004933725854891162	4152279.003074913	4173714.481699311
187.0	2.0	5.0	1.0	0.64	-0.64	0.0	-0.21067345330928142	-0.19833465739117173	0.2496937575341317	0.6321498370221332	-0.5940976325134913	0.7830020782787511	283.2835921035439	13334.752271175603	0.00608353783680742	4178764.9781634538	4199364.700575306
188.0	2.0	5.0	1.0	-0.64	-0.64	0.0	0.20354809575178054	-0.19955999408429848	-0.028993148699179794	-0.6105795487081971	-0.5993273677243414	0.18397500572209902	16.535311895495397	18135.208986095677	0.004850455094814781	4204415.690440348	4229617.6081032995
189.0	2.0	5.0	1.0	0.0	0.3	0.0	0.006109484591611549	0.08560769541343871	0.10288920424199366	-0.01904057779342481	0.25701730188174965	0.36630093842980316	7616.983055890159	8951.069436421676	0.0053962135975810155	4234684.747457508	4250235.600570639
190.0	2.0	5.0	1.0	-0.5	0.0	0.0	0.15141861501191578	-0.0025695549383034644	0.006334496070789841	-0.45393215230002454	-0.008744481569223694	0.16645141680014686	1450.034497949673	7917.727496835141	0.014347939968818318	4255312.343191141	4269936.42640632
191.0	2.0	5.0	1.0	-0.64	-0.64	0.0	0.20541547914416564	-0.20035303697091822	-0.021600103761361455	-0.6160198525174909	-0.6010914801863269	0.05861465781639619	8199.827729056778	14251.65816252047	0.005401891855642573	4275002.75035446	4296737.77109699
192.0	2.0	5.0	1.0	0.1	0.0	0.0	-0.023125942654110998	0.008150587401427822	0.11061944304568727	0.06850385757588134	0.0240957001949883	0.24012108949412325	8633.601148278103	9417.617001288818	0.0050443206721822115	4301806.304226691	4317555.745914218
193.0	2.0	5.0	1.0	0.0	0.7	0.0	0.004105382019463451	0.217889630416643	0.09231476310367082	-0.011474544945510734	0.6536041527027843	0.42764238956278644	6400.545621896526	9634.564975756803	0.004964548488583816	4322622.998681347	4339090.3007521
194.0	2.0	5.0	1.0	-0.3	0.0	0.0	0.08657649050781925	-0.0007175361611068132	0.012137947661540749	-0.25969710224988557	-0.0025086704926156056	0.06470406958109765	6233.511001417355	7633.575256582844	0.005732328252634763	4344156.680130349	4358407.383582186
195.0	2.0	5.0	1.0	-0.35	-0.35	0.0	0.10425354070538194	-0.10664479273713856	0.05068546578163091	-0.31327853049330245	-0.31935173128711447	0.081468162050775	6633.56869249219	9634.789613564863	0.004646428388258066	4363458.345002829	4379992.559966626
196.0	2.0	5.0	1.0	0.64	-0.64	0.0	-0.20892459756491177	-0.19999762666299514	0.18652216983290082	0.6261264072232896	-0.5999928799889854	0.6207246692606618	4383.49065273178	7534.423191373207	0.004704281521449029	4385060.232106285	4399827.353810382
197.0	2.0	5.0	1.0	-0.49	-0.49	0.0	0.15293432998440532	-0.15102967013654534	0.0023164171816438817	-0.45864114358535457	-0.45396298079608766	0.015006015106387327	16.331825050656334	8084.394892845012	0.0051213238934379665	4404894.33562639	4419927.3679596465
198.0	2.0	5.0	1.0	-0.3	0.0	0.0	0.08431714110789279	0.0005637346367570739	0.039185204852356326	-0.2516890216543592	0.0011409262595425407	0.0956284000915163	1499.9930712365313	8034.426838092259	0.004614986452200315	4424979.130928834	4439812.556888795
199.0	2.0	5.0	1.0	0.49	0.49	0.0	-0.14945630764580425	0.15644037979804393	0.23255597161820762	0.44717125981523814	0.47084249525202904	0.5903206958113636	7083.564899905468	10667.837992379646	0.004404707130783362	4444877.809066615	4462697.135357408
200.0	2.0	5.0	1.0	0.3	0.0	0.0	-0.0837845111851155	0.0013127380477031547	0.17237515831234085	0.2515801184703524	0.004035321963826055	0.5279746395055737	183.29569920751965	10851.418135564018	0.00636002598848565	4467763.986620923	4485748.60841254
