TN	hand	digit	Corr	TargetX	TargetY	EnsPercent	RawX	RawY	RawZ	ForceX	ForceY	ForceZ	RT	MT	EnsForce	measStartTime	measEndTime
1.0	2.0	2.0	1.0	0.64	0.64	0.0	-0.2049380323589744	0.20232643620812985	-0.0007479850461569182	0.6148464663504953	0.6067527237093835	-0.002060846875710398	16.89414891444585	10586.68576088033	0.0012302199005182139	0.05433609317151422	17185.906384381553
2.0	2.0	2.0	1.0	0.0	0.5	0.0	-0.005060107269623159	0.1522972638373733	0.001730037384592542	0.015795338006742887	0.4565357295028247	0.007158525978451458	4900.342499722854	10551.3837105498	0.0017079780563323938	22226.648972792562	39952.68712037668
3.0	2.0	2.0	1.0	-0.0	-0.1	0.0	0.001115030840599158	-0.018195010365555486	0.0014056427862867427	-0.002956661238929944	-0.0538081685309314	0.003347164110748535	8650.33921767693	8950.999419442525	0.0016746932414052713	44979.3012305484	60337.06173747135
4.0	2.0	2.0	1.0	-0.64	-0.64	0.0	0.2084298957989549	-0.20119531999651818	-0.005672816052503693	-0.6250631024818587	-0.6025825125088138	-0.017293110551651614	6834.273457146708	10984.379649565028	0.0011486054299450572	65358.960641705606	83238.37864015358
5.0	2.0	2.0	1.0	0.5	0.0	0.0	-0.15164155730466913	0.0018700765159427313	-0.011635254444205767	0.4546980869990015	0.0042183507842197265	-0.034219107347265965	32.99477206556389	14668.835369660499	0.002290521908844434	88272.34562714792	109590.40067216298
6.0	2.0	2.0	1.0	0.21	0.21	0.0	-0.06799448605514162	0.05466884161980057	0.01209904936290851	0.20417767380685853	0.16420074050083522	0.036434479285795796	599.883232100467	8449.560059981251	0.0016861647251471762	114644.691910705	129639.79728625859
7.0	2.0	2.0	1.0	0.5	0.0	0.0	-0.15041833108817876	-0.0026816346270532865	-0.010712809948920876	0.4515463167266867	-0.007429887683286451	-0.033328633554704945	4332.800183211077	6116.664332767357	0.001998246276735803	134664.81887482715	147324.09218610518
8.0	2.0	2.0	1.0	-0.21	-0.21	0.0	0.06193615786348369	-0.05827975061618407	0.0020611642633288074	-0.18542004230758372	-0.17445082056568484	0.005451059738944997	5350.32813165526	6783.809448791373	0.0021727044632719834	152346.5665423865	165508.8910623326
9.0	2.0	2.0	1.0	0.1	0.0	0.0	-0.021224204672707817	-0.004172658317659339	0.0003431631951964498	0.06341365982954521	-0.011676373840098897	0.0014872602424902404	6733.439525751692	6883.62521661503	0.002547390817720533	170547.25817885835	183759.23713583878
10.0	2.0	2.0	1.0	0.35	-0.35	0.0	-0.10222168256012139	-0.10742703291821709	-0.0011423575189397628	0.3064384627653583	-0.3229608534996691	-0.0036101808195796448	2982.33712300231	9917.508329103157	0.0027178605353373715	188781.97879652484	206028.82110370102
11.0	2.0	2.0	1.0	-0.0	-0.9	0.0	-0.009652720226702908	-0.28863316550590645	-0.016197671473307862	0.029120007047970124	-0.8642486635655329	-0.04786058136888216	16.385431800529204	15484.74979140775	0.003138958280644678	211080.38095071388	233880.78989363255
12.0	2.0	2.0	1.0	-0.49	0.49	0.0	0.1518575078343308	0.15314409582485944	0.0157045365071542	-0.4554430464087035	0.45975598021030095	0.04592340581352028	17.678922555376175	10434.828049968757	0.004216559918542146	238937.33152164402	256131.13086173398
13.0	2.0	2.0	1.0	0.0	0.1	0.0	0.0027645431264238726	0.0210862511446408	0.0017651514457357464	-0.007613874634253649	0.06206109031174811	0.005020791943066705	33.25842975255	4800.142367857575	0.003855317528514185	261165.8118760466	271948.6600500622
14.0	2.0	2.0	1.0	0.0	0.9	0.0	-0.00015893744914308346	0.2850691919562025	0.008496882581766174	0.00037970452671232634	0.8547220367650232	0.02567375600805888	16.4634715585521	11317.727569769033	0.004240496799586571	276985.02584793477	295300.3465840466
15.0	2.0	2.0	1.0	0.35	0.35	0.0	-0.11413888379558791	0.10541954236209439	0.014862427710315984	0.34225480501890226	0.315578872341265	0.04426684367111733	5817.205724471478	8085.44259482926	0.0036136338174323113	300351.0760734478	315218.0157333987
16.0	2.0	2.0	1.0	0.9	0.0	0.0	-0.2833063224743339	-0.00022477655159414134	-0.020247885862577975	0.8507605685358812	-0.001062760937649454	-0.060194332799452854	6732.945395508409	9934.51698495221	0.004333604286042848	320268.8312853367	337102.5788857965
17.0	2.0	2.0	1.0	0.07	0.07	0.0	-0.012631483205628255	0.012891032988835316	0.0013056229495240768	0.036275985938270416	0.03938522298509628	0.004878187228064101	16.605693547376177	6617.791168525059	0.003588767865050143	342137.96079924377	354719.6753546069
18.0	2.0	2.0	1.0	0.35	0.35	0.0	-0.10468772919337128	0.10628222234592544	0.008643131151257366	0.3138689719386802	0.318134543019186	0.025608953993941475	33.36965464131936	6417.945570550955	0.004009221575303755	359767.75732698507	372787.3172265108
19.0	2.0	2.0	1.0	-0.35	0.35	0.0	0.10933368671329781	0.10447367766108617	0.002144014648632009	-0.3269328741120081	0.3126118011439516	0.008446234836259947	566.9880154271141	10151.780400497159	0.003555807432521889	377835.59758032986	395388.0807762549
20.0	2.0	2.0	1.0	0.0	0.1	0.0	-0.0008645617176001258	0.0188458658231212	0.000993691920329276	0.0030468549828124676	0.056926028752231295	0.0027979674982274716	4733.528870334453	8834.229331862956	0.00371190786371541	400410.1583696547	415222.55115615536
21.0	2.0	2.0	1.0	-0.07	-0.07	0.0	0.008983258910680723	-0.016000580780716422	0.0018813458457083154	-0.025363682327000186	-0.04913466691717949	0.008207553215769936	6300.505945608393	6818.384343619982	0.004409857056492834	420247.4589671328	433425.26088618155
22.0	2.0	2.0	1.0	0.64	-0.64	0.0	-0.20016854937519282	-0.20207590234659484	-0.013490952925950483	0.601023556502735	-0.6050624131911824	-0.044318132295818935	5866.708458051107	7934.17893422486	0.003937733964725918	438476.60812955466	453443.1057343906
23.0	2.0	2.0	1.0	0.49	-0.49	0.0	-0.15548773912907518	-0.15087347760184222	-0.014776372930507375	0.4669487564908098	-0.4529117562676771	-0.04199448844132758	16.31942621077087	6434.321156213628	0.005238741385700807	458495.78074766457	471960.03306843573
24.0	2.0	2.0	1.0	0.0	0.9	0.0	-0.000490273649332235	0.2865462882273627	0.022181326008979818	0.0014060824008521444	0.8586677864749199	0.06750529640643133	16.562297607265464	10301.116041473393	0.004665880692260105	477012.1315356474	494027.6723876373
25.0	2.0	2.0	1.0	0.49	-0.49	0.0	-0.1478025744067057	-0.15836939860319854	0.0050329747462964924	0.44327824612582795	-0.47459028743243914	0.015282032501649834	6000.206768891417	8017.99181093088	0.004939428048067339	499063.47440295934	513812.258222619
26.0	2.0	2.0	1.0	0.0	0.5	0.0	0.0031872513120527112	0.15370931081635486	0.01213467612722452	-0.009723600304019617	0.4601892235154682	0.03681602197288436	16.527653789466967	10302.025168186674	0.004172355033716024	518864.5864330433	536045.600381009
27.0	2.0	2.0	1.0	0.0	0.5	0.0	0.0011922768750520043	0.15249275267022167	-0.00179634699018405	-0.0035768306251558464	0.45676613399207466	-0.004793939116580992	16.70306090898066	11301.2385711869	0.005648936834065625	541081.0245963812	559298.1195335701
28.0	2.0	2.0	1.0	0.0	0.3	0.0	0.003179845222259389	0.08742648173639422	0.0006897688257951895	-0.008795042374615638	0.2621823373884661	0.0024355230029062813	233.6813031326983	6201.0202057332435	0.0045211067535299715	564349.5674263509	577015.6043048773
29.0	2.0	2.0	1.0	-0.1	0.0	0.0	0.01687512518227644	-0.002320855335630867	0.0026135347523823516	-0.050690114093973886	-0.006444657629736117	0.005826413366783134	16.75375028446524	6251.184818568504	0.004078895859392659	582068.420081453	594916.9263129643
30.0	2.0	2.0	1.0	0.64	0.64	0.0	-0.20187426335174524	0.20145593149188945	0.00938984054316272	0.6040366956501937	0.60524176486212	0.029451279468810654	33.046555456394344	9834.72346210624	0.004289770292844774	599969.7285966848	616734.6068400755
31.0	2.0	2.0	1.0	-0.9	0.0	0.0	0.28579398746642665	-0.0036413361135450018	-0.007441147478486565	-0.8572848545785632	-0.010308992142761597	-0.023376314946331744	33.37512471773607	8017.940756883604	0.005259379032467705	621787.9725416746	636919.4636991137
32.0	2.0	2.0	1.0	0.0	0.1	0.0	-0.008512147871303633	0.019936731922016393	0.0013007888913842969	0.025342227972477052	0.05851542482315797	0.003124156557421376	8283.583716967996	8434.350694626686	0.005732249518030826	641972.52526446	656386.8824648309
33.0	2.0	2.0	1.0	0.21	-0.21	0.0	-0.062010961096757786	-0.05728143042838607	0.002712382696226978	0.18541786709239994	-0.17174718346444162	0.0068553902493584395	7650.194442985821	8984.582042395345	0.005514297837891814	661442.9102703239	676971.2635001488
34.0	2.0	2.0	1.0	-0.0	-0.5	0.0	-0.0015685632064752525	-0.14920837627386996	0.002562154573843234	0.005288336543726969	-0.4484667299344893	0.0076406866558396125	6266.771619200995	7984.561256104598	0.006035030443215823	682024.4238915436	696772.3058779254
35.0	2.0	2.0	1.0	-0.3	0.0	0.0	0.08690289794661893	0.0037703686697793115	0.0011218921186730846	-0.26061158601913986	0.01153769092434398	0.00354878461877961	5383.831620834712	7434.665406360978	0.005539046102354001	701825.7073173577	715773.1869249126
36.0	2.0	2.0	1.0	0.1	0.0	0.0	-0.019481322138288203	-0.004266589633676321	0.0005240680551990007	0.057926058037708124	-0.011699213599571268	0.003769503318721279	83.05691213456612	6700.682155005893	0.004812405224997845	720826.4344728596	733907.5688354425
37.0	2.0	2.0	1.0	0.07	-0.07	0.0	-0.013659237852870357	-0.011277359962729272	0.001029404135162837	0.04078349791717739	-0.033832079888187816	0.0033170977339389562	149.67150367294835	5167.568864616328	0.00504314696972758	738945.4013431591	750441.9092463256
38.0	2.0	2.0	1.0	-0.1	0.0	0.0	0.01752836733428712	0.004492475372341986	0.00351741817347051	-0.05222903999356619	0.012344501541996067	0.010414923323341263	248.9176541978395	5817.05073897092	0.005434279976910474	755478.9073850409	767542.800066516
39.0	2.0	2.0	1.0	0.49	0.49	0.0	-0.15495339579275028	0.15118698480611847	-0.0036763134203459114	0.46440701754823877	0.4528488303997651	-0.011486710917938625	1549.706220425037	15934.56001622053	0.006002657238237368	772597.0282168426	795844.5681411077
40.0	2.0	2.0	1.0	-0.0	-0.3	0.0	-0.0029549909844140123	-0.0845931819570297	0.0055063950560312325	0.008476541670374507	-0.2528732062110649	0.01583252918274236	16.685921335920284	9617.807578754537	0.005612796549523789	800881.754815126	817295.6197086126
41.0	2.0	2.0	1.0	-0.0	-0.5	0.0	-0.000583518736736172	-0.15135155882479823	0.008082752727497589	0.0018476640309252734	-0.45369861446509985	0.02397359578835223	3083.65387981587	11583.95619271016	0.006505690627299777	822343.4300005251	840780.089432104
42.0	2.0	2.0	1.0	0.49	-0.49	0.0	-0.15342235936410317	-0.15101582040340567	-0.006452417792064624	0.46010523172444817	-0.4538566930495239	-0.019586138704644318	7150.477063604512	13334.951381960082	0.006298128124927575	845834.2763745209	866331.6919457134
43.0	2.0	2.0	1.0	0.0	0.7	0.0	-0.0013561171901657408	0.21938150865603456	0.004632199587971675	0.0033885968254792538	0.6584358494302545	0.014857917143406896	16.471129665433182	11734.732651834747	0.00621161100008952	871386.0098052945	890049.6985623179
44.0	2.0	2.0	1.0	0.3	0.0	0.0	-0.08464245230729434	-0.000905731117696762	-0.00017849393456836893	0.2537331412804493	-0.002911408994523801	-0.0030532204166600074	16.66221767118259	10301.595949517832	0.006165450055578714	895103.8891514525	911934.2106606684
45.0	2.0	2.0	1.0	0.21	0.21	0.0	-0.06140326898651802	0.05854715965899593	-0.0058219821469795985	0.18492193097814422	0.1751235705998313	-0.01769483176938924	49.825832764554434	6584.1527507921	0.005793090377500379	916987.8203276794	930151.8420300256
46.0	2.0	2.0	1.0	0.64	0.64	0.0	-0.20703746891564775	0.20723234057434192	-0.009530528725132159	0.6196234201626184	0.6213733289873031	-0.02955290455488835	33.92468506945079	9967.566093110918	0.006158974420715914	935205.9228529583	952353.2659274039
47.0	2.0	2.0	1.0	0.21	0.21	0.0	-0.05481373943602329	0.07324172225321879	0.0009911772335138291	0.16402041775163012	0.21917488910892768	0.002424206912260418	16.443779283008553	5417.056865456516	0.0059554533447770145	957404.7298657424	969252.9458185277
48.0	2.0	2.0	1.0	-0.21	0.21	0.0	0.05663852054848388	0.06170147199826159	0.007748085755682865	-0.16988319237187943	0.18429518415547752	0.02310692606997833	16.42408700786291	8484.077336670907	0.0076916867594803585	974280.3363148896	989471.2609474463
49.0	2.0	2.0	1.0	0.3	0.0	0.0	-0.0855311356075604	-0.0016251015376654854	-0.0060099427787014825	0.2561726062662415	-0.00542558226372547	-0.01583252918298017	16.659300297078516	7700.68397836485	0.007022890667650404	994510.3409972751	1008755.0521626497
50.0	2.0	2.0	1.0	-0.0	-0.1	0.0	-0.004638193210172766	-0.016985638198172226	0.0055982543678456675	0.014561965101963902	-0.05128060733023965	0.01738986495750816	16.597670768533135	9717.59709021103	0.006941612971055475	1013778.2967057013	1029856.5826171181
51.0	2.0	2.0	1.0	0.7	0.0	0.0	-0.21787177984122066	-0.005640496976595966	-0.02092061951632629	0.6538419244386681	-0.0158533049019024	-0.06440983291382207	16.691756084355802	9817.56018542842	0.00701303599750916	1034892.3467065765	1051924.9210120956
52.0	2.0	2.0	1.0	-0.49	0.49	0.0	0.15197913861670587	0.15456444228558897	0.01075632257566772	-0.45415710580364194	0.4645025586960738	0.033642279697705835	16.625385822635508	10567.642236575693	0.007117137655808325	1056962.382283954	1075427.6396401129
53.0	2.0	2.0	1.0	-0.35	-0.35	0.0	0.11619192870937708	-0.10382600302415013	-0.00391302357523049	-0.34847867830741425	-0.30956822193168543	-0.011510185397241024	16.21221271147988	8633.953785876429	0.0075093267510197015	1080481.7791752	1096211.2437786998
54.0	2.0	2.0	1.0	-0.0	-0.9	0.0	0.004063932085678157	-0.28590746982368165	0.005253321126079014	-0.013292351558492083	-0.8579166251124788	0.015119084458575793	16.482069818721357	13585.260623618069	0.006765538324642472	1101266.4696709786	1122045.8385116726
55.0	2.0	2.0	1.0	0.1	0.0	0.0	-0.017719406471007917	-0.0017910825407340125	0.0010694682230558694	0.052737418856583854	-0.005988263820075113	0.0033915129319279647	16.346776593309187	8385.492336058178	0.006982832865823347	1127100.8375781127	1141796.8249488
56.0	2.0	2.0	1.0	-0.7	0.0	0.0	0.2175870769744912	0.002246980021507583	0.022765746547623644	-0.6536028320363529	0.006158293140221538	0.06696970473785835	16.457272138495682	14701.42827343966	0.007433986598839281	1146851.3791156856	1168798.502074253
57.0	2.0	2.0	1.0	-0.35	0.35	0.0	0.10786689681883704	0.1030874829419145	0.010594668497727167	-0.32479835357868575	0.3082590013450027	0.032470661478532836	83.51457520120675	9702.059884938762	0.00804710611339373	1173853.9664618673	1190264.7269046078
58.0	2.0	2.0	1.0	-0.64	-0.64	0.0	0.2013142706030414	-0.20325284481777767	-0.002251956969575586	-0.6041693967241302	-0.6099851193683389	-0.0057945525292348865	149.84946349500206	8767.259550024164	0.00825493015471124	1195287.970718316	1210982.8589683
59.0	2.0	2.0	1.0	0.07	-0.07	0.0	-0.01478056991205822	-0.01131742880750397	0.0019730891889646607	0.04291746169899416	-0.03298120821534367	0.005369942778612913	100.25300927145508	8802.314717569061	0.008570131545347219	1216022.5637008643	1231068.2822355255
60.0	2.0	2.0	1.0	0.49	-0.49	0.0	-0.15322002550885747	-0.15088806535446464	0.001982140840761426	0.45836530558368116	-0.45292315025197216	0.007182403295916684	16.785841399723722	11352.161701295927	0.008415503324398109	1236116.1541569666	1254352.9067257144
61.0	2.0	2.0	1.0	-0.49	-0.49	0.0	0.1537328713316272	-0.15453898708887603	0.010107777523456152	-0.4606807056177249	-0.46232219032373656	0.03000289311053783	16.701602221928624	12668.498777620243	0.009004794505042865	1259408.3324581212	1278904.4713134603
62.0	2.0	2.0	1.0	-0.0	-0.1	0.0	-0.006612028353579172	-0.01756730109655036	0.003876963454635396	0.019933192881454273	-0.053511135128958	0.010669571984414317	16.138913686745582	7834.07252300367	0.00871160952537528	1283960.8371696805	1298138.9785981434
63.0	2.0	2.0	1.0	0.49	0.49	0.0	-0.1513089090699247	0.15160049148625443	0.022452716868841538	0.45518912887909324	0.45509279792091406	0.06694615701531381	16.634502616852842	7601.7787959413	0.008088759448021343	1303194.06773851	1317739.9755378182
64.0	2.0	2.0	1.0	-0.3	0.0	0.0	0.08949619466813605	-0.0025002501656674614	0.003510966659045156	-0.2683267376365467	-0.008763152166321397	0.011082224765416537	16.829602011739553	6517.924346654127	0.00860521404722556	1322795.48696809	1335824.2756160037
65.0	2.0	2.0	1.0	0.0	0.5	0.0	0.003228558821033985	0.15171944209277566	0.005414755474183464	-0.00997699992525256	0.45447857153330884	0.015878049897029678	16.39272523584623	8884.294753977656	0.009228019160741344	1340879.7323455105	1356742.1508049038
66.0	2.0	2.0	1.0	0.64	-0.64	0.0	-0.20880546137455339	-0.20049933313979246	-0.002998953231104551	0.6270637695951057	-0.6026632932679796	-0.010232840466946058	16.55792154588198	12817.902612216812	0.00928631532602971	1361783.0968801603	1381343.617806485
67.0	2.0	2.0	1.0	-0.0	-0.7	0.0	0.0005594532608106384	-0.21838349058147777	0.0011338673990790582	-0.002519960895311285	-0.6543088706315541	0.0009754177156624522	16.70743697013677	10384.7188672421	0.009090451811437939	1386399.1963363616	1403545.1861138826
68.0	2.0	2.0	1.0	-0.07	0.07	0.0	0.00901537354596761	0.016362352729845098	0.002349761196306366	-0.0280495681186436	0.04944312019883046	0.005447086289765979	16.603140845063535	11518.050158413416	0.01038285424705827	1408601.645326075	1426096.0363096385
69.0	2.0	2.0	1.0	-0.64	0.64	0.0	0.21823464802977194	0.20296301465809308	0.029703535515383406	-0.656419515588647	0.6086624590592732	0.08888172121770044	16.96525990905684	12518.282819000433	0.010287422835010914	1431153.081914031	1451464.2475800384
70.0	2.0	2.0	1.0	-0.0	-0.3	0.0	-0.0015078298174473542	-0.08466760970672771	0.0065663965819919845	0.005526936933083	-0.25371150565803235	0.01887520256355435	7367.147158185844	9101.268984812123	0.009685965151326796	1456521.011657827	1472114.933600565
71.0	2.0	2.0	1.0	-0.07	-0.07	0.0	0.01339689568032458	-0.013142740776054929	0.0016993423361759685	-0.039187239560233136	-0.03836003630027929	0.005006472877147727	6850.180439589849	6967.573751217969	0.010262617320034657	1477155.1539790067	1490350.9159825426
72.0	2.0	2.0	1.0	-0.0	-0.7	0.0	0.0006440535942192531	-0.21861731758196	0.00021757534144795088	-0.002094007150519244	-0.6548485052651393	0.0012936049440051	5083.790631728334	7101.099047769139	0.010459644848694251	1495405.8435733167	1509500.6341642016
73.0	2.0	2.0	1.0	-0.07	-0.07	0.0	0.006613318808618679	-0.018430943526787757	0.0036489936675299095	-0.02149078937804258	-0.057461571909706466	0.011816745250701421	16.368656899203415	10701.369196613541	0.011069071417162577	1514558.6290092014	1531568.2340988524
74.0	2.0	2.0	1.0	0.07	0.07	0.0	-0.015949622912297963	0.012001728198506756	0.001282288853310165	0.04762228382188801	0.03500173711477916	0.006318828107195307	16.615175013384942	6601.246010490968	0.010237129526733233	1536609.3187493803	1549469.893792995
75.0	2.0	2.0	1.0	-0.35	0.35	0.0	0.10915594055825764	0.10589486140702409	0.004594210727105308	-0.3265938512883214	0.31577479708030765	0.013874186312696102	33.087034022400985	8450.978633151863	0.009949450555678748	1554526.8919900577	1569570.737205856
76.0	2.0	2.0	1.0	-0.21	-0.21	0.0	0.05620988231193647	-0.06270851894225427	-0.0002692423895442886	-0.16976257151083932	-0.188157926100335	-0.000899281300013044	116.42255538617974	6649.957406337535	0.009236660198793089	1574627.4159504515	1587821.5486005358
77.0	2.0	2.0	1.0	0.49	-0.49	0.0	-0.15425379652508084	-0.1500362700783645	-0.003633405050708749	0.4628584973959594	-0.45040013369724397	-0.009938896772634376	16.748280207821153	10218.07189285073	0.00934032397721913	1592878.996802558	1610272.6424699659
78.0	2.0	2.0	1.0	-0.7	0.0	0.0	0.2187663888765018	-0.004368634847588315	0.009014901960804789	-0.6555223040637705	-0.01317064308990934	0.027227814145174722	16.914570533344886	9668.459393069497	0.009945866491444811	1615313.359896025	1632023.9979549209
79.0	2.0	2.0	1.0	0.64	-0.64	0.0	-0.20236732075860459	-0.2049923393682393	-0.008766491187885084	0.6076522399265426	-0.6145562175482782	-0.02790167086280837	16.461283528087733	14651.222817366715	0.010378978166032024	1637080.8185568335	1658925.7582984709
80.0	2.0	2.0	1.0	0.7	0.0	0.0	-0.22289520193412862	-0.012277074187252879	-0.024260727855313524	0.669948007471705	-0.0361514678167405	-0.07305684596008111	16.901442349762874	13434.712449018889	0.010020212282888108	1663982.864803048	1684176.8676299837
81.0	2.0	2.0	1.0	-0.21	0.21	0.0	0.06428774242947854	0.057646646468217044	0.0019282276646190866	-0.19331639711844756	0.17235729248035025	0.005098027008505923	16.56448563790036	10218.234901130245	0.011607690761417589	1689232.5180001985	1706544.4294199678
82.0	2.0	2.0	1.0	0.0	0.1	0.0	-0.006694449155900548	0.020038332597905884	0.002715941100167818	0.02066599439200269	0.05927339668083853	0.005446976424788197	16.692850099389034	4934.5093268450455	0.010591821665344843	1711601.6008361196	1722512.566224393
83.0	2.0	2.0	1.0	0.0	0.9	0.0	0.003964769895065181	0.2857948420152332	0.014771203173874703	-0.011570616949472739	0.8567371405742537	0.044450940718694376	16.52765378935328	12501.52724535701	0.010413542514223544	1727569.5604100663	1747463.7990337657
84.0	2.0	2.0	1.0	0.64	-0.64	0.0	-0.2008231769321123	-0.20457691642711706	-0.010522243076218185	0.6033111319092164	-0.6139897034699294	-0.031017404440373486	16.573237760212578	9834.786914993401	0.011232015334171378	1752520.8391680818	1769964.787658924
85.0	2.0	2.0	1.0	-0.0	-0.3	0.0	-0.004408613058385445	-0.0850050226985487	0.003397494468588169	0.014520610118047714	-0.2548208524542126	0.010696031128355488	16.452166733643026	11184.658477597395	0.011333156600431337	1775025.8424647145	1792716.1478846122
86.0	2.0	2.0	1.0	-0.21	0.21	0.0	0.058356871489439056	0.06878942793912324	0.008860444037502191	-0.17422901335543772	0.20552668270449026	0.02616933852129577	16.521089697562275	6868.09968083935	0.011487456848806882	1797774.7980447758	1811417.9477585817
87.0	2.0	2.0	1.0	-0.3	0.0	0.0	0.08594651107374916	0.005507122621733362	0.005193456931382512	-0.2571597784762295	0.017589553893085252	0.01429861295482504	16.39819531237663	6433.971435989861	0.011344622806955265	1816475.5370885776	1829784.9866092529
88.0	2.0	2.0	1.0	0.07	-0.07	0.0	-0.013182645616501263	-0.01181114654755333	0.002163070115192678	0.038576858642335385	-0.034850792718359114	0.0073131975279996375	16.54552270588283	5167.695770390992	0.011836786497874289	1834842.1532846717	1846569.1260859927
89.0	2.0	2.0	1.0	-0.5	0.0	0.0	0.15333299858952779	0.007504250694404302	-0.0006766521706000894	-0.4595134566649992	0.02260985990392983	-0.0048223575188957035	16.468212291556483	5868.543486378712	0.011321322433198831	1851610.8044221557	1864136.5600949898
90.0	2.0	2.0	1.0	-0.49	0.49	0.0	0.15508843608619058	0.15371366556261945	0.02352115968565638	-0.46497398479642116	0.4619502285271653	0.07060925612265923	16.432109786592264	10051.215596865404	0.012596255556319193	1869194.2183479497	1886471.3973346872
91.0	2.0	2.0	1.0	0.35	-0.35	0.0	-0.11185492511594002	-0.10169767149594278	0.0006733073929923172	0.3353058211592418	-0.30470458320496097	0.0037136736095102485	16.631220570843652	9001.656339162082	0.01196752351728264	1891528.1851161409	1907389.1828143327
92.0	2.0	2.0	1.0	-0.21	0.21	0.0	0.06121610553081977	0.056755205305834	0.004112343022811826	-0.18371305513960404	0.17065404720036936	0.012428583199815657	16.922593312301615	13068.40002450599	0.011657732276972478	1912449.8353871647	1932223.8515756738
93.0	2.0	2.0	1.0	-0.49	-0.49	0.0	0.1521050076159676	-0.15189589347690502	0.008063172350638581	-0.4562502843007583	-0.45620558880787154	0.024052185854845476	16.45654279491282	9784.734985734303	0.011546714238369086	1937282.9003220783	1953941.4924264967
94.0	2.0	2.0	1.0	-0.1	0.0	0.0	0.019101350025580863	0.0011082980316757807	0.0034817914091622715	-0.05675377242601358	0.003551479010033387	0.009346724650924676	16.89670161658796	8001.764282004842	0.01243056003259861	1958984.1444362758	1973359.453313262
95.0	2.0	2.0	1.0	-0.49	-0.49	0.0	0.15123021289201558	-0.15665216116526404	0.0019715083543154766	-0.4523311291860108	-0.46963279076006914	0.00641807278553741	16.456542795367568	8734.82199641785	0.012348740796282572	1978418.724144772	1994027.282918191
96.0	2.0	2.0	1.0	-0.0	-0.7	0.0	0.0002321308505446873	-0.2181077432137779	0.00608974135957463	-0.001570362938085712	-0.6524781810477135	0.01666702677957077	16.500668079061143	9884.769191945907	0.011168188239702542	1999086.8174073882	2015645.1276934657
97.0	2.0	2.0	1.0	0.35	0.35	0.0	-0.10307344330899942	0.11266078191896867	0.01347458304720961	0.308055036078396	0.3382412999454846	0.0413850675211207	16.75192692573546	11383.498310840423	0.012834010806203295	2020703.935027161	2039161.8296603593
98.0	2.0	2.0	1.0	-0.1	0.0	0.0	0.01808189486008269	-0.0025802497463385254	0.004687937743176995	-0.05534623988170577	-0.008323396163316454	0.013194048981419293	16.492280627971923	5250.309971001116	0.012002523733685858	2044186.490223879	2055696.360429904
99.0	2.0	2.0	1.0	0.9	0.0	0.0	-0.28903972789787313	0.002827883320928426	-0.027317500572242026	0.8665365367693183	0.007577310302761098	-0.08053341268033332	17.053510476216616	14368.141618092523	0.013738076816627472	2060737.8093875262	2082565.4695221924
100.0	2.0	2.0	1.0	-0.64	-0.64	0.0	0.2058777123707778	-0.19828325066888197	-0.010844611276432659	-0.6180215683952007	-0.595302921836658	-0.03271694209205833	16.300098607189284	10200.853915407606	0.012926533232194018	2087624.8701768513	2104716.7729320196
101.0	2.0	2.0	1.0	0.3	0.0	0.0	-0.08495348649909865	-0.0041098446633344166	-0.003944213015972808	0.25486045949729597	-0.012653226725725886	-0.01160375371946798	16.638149334539776	13818.063797137256	0.01278080290047662	2109776.710383518	2130084.814265376
102.0	2.0	2.0	1.0	0.0	0.7	0.0	-0.0035234515350839983	0.21927544102038765	0.009374642557372637	0.009566907124511224	0.6576644766933016	0.029314131380060227	16.689932725512335	13501.53490346429	0.012522119150923747	2135144.6255404437	2155951.552626512
103.0	2.0	2.0	1.0	0.21	0.21	0.0	-0.06453219086759343	0.05709584659319866	0.005863382925122673	0.19369368042349705	0.17248520290177027	0.01653727626449597	16.331095707300847	10384.408166897174	0.01265123650195383	2160996.1428667284	2177987.3659466584
104.0	2.0	2.0	1.0	0.07	-0.07	0.0	-0.019792239800707663	-0.008725219693594188	0.0029104142824021295	0.058081948459231446	-0.02695252164651729	0.009738338292388349	16.589283317898662	7867.620502138834	0.012917967765449167	2183047.365757029	2197238.2940363036
105.0	2.0	2.0	1.0	-0.07	0.07	0.0	0.007388174479392195	0.02213544288277214	0.0029091691462328484	-0.022488216173899386	0.06647106719546114	0.007766189059206674	16.757032330588117	12801.632781366152	0.012518479551065822	2202282.2063517068	2221273.0246459763
106.0	2.0	2.0	1.0	-0.35	-0.35	0.0	0.1028332978263181	-0.10863144611292941	-0.003679829098988785	-0.30843515493180973	-0.32563538415020965	-0.010993710231276266	16.812097766887746	10985.089300821983	0.01289246996917983	2226333.507281766	2244274.4676521556
107.0	2.0	2.0	1.0	0.35	-0.35	0.0	-0.10784078128891908	-0.10481445274147883	0.005984191653275683	0.32332812822532353	-0.3142491425830026	0.01946321812759999	16.78802943069968	9434.723753843627	0.011967106563959762	2249334.749353802	2265725.653054199
108.0	2.0	2.0	1.0	0.0	0.7	0.0	0.0013718443412185852	0.21706203872532026	0.008663767452475879	-0.003468147552209984	0.6506034692516599	0.02681528953984924	16.710354344468215	15551.656849702795	0.012842012109182439	2270785.2546430007	2293593.6725072498
109.0	2.0	2.0	1.0	-0.35	-0.35	0.0	0.10461818704602843	-0.10749967388403936	0.009527885862501195	-0.31398403823237453	-0.3209452965206483	0.028537880521813497	16.376315006255027	12267.855788361885	0.013444013292754688	2298636.925860771	2317429.2861331375
110.0	2.0	2.0	1.0	-0.3	0.0	0.0	0.08523109833696396	0.0031585289766109526	0.007214435034684996	-0.2557256642844641	0.00989638748627275	0.021414419775604543	16.899983662369777	6901.262566589139	0.012424212912150491	2322488.830468472	2335845.662156406
111.0	2.0	2.0	1.0	0.7	0.0	0.0	-0.21862382596388324	-0.0030064494976117517	-0.00827891660947122	0.6549003996844813	-0.007983531738521954	-0.02396698558030197	16.931710106291575	9285.095646111131	0.014502587683711127	2340889.629901918	2357397.209239907
112.0	2.0	2.0	1.0	-0.49	0.49	0.0	0.15778506847665974	0.1492688334450566	0.020526759746654855	-0.47422917581643104	0.4488099478159109	0.060573183794782604	16.544064018944482	15318.178304071807	0.013660849824812492	2362441.9420667845	2384931.997103047
113.0	2.0	2.0	1.0	-0.21	0.21	0.0	0.059480240654910456	0.0595433650542575	-0.0002183566033737705	-0.17853782978544813	0.17872720298348943	7.736324092011415e-05	17.01412592547058	9434.5519934418	0.013693488027261372	2389976.2390817273	2406200.24527823
114.0	2.0	2.0	1.0	0.5	0.0	0.0	-0.15041570270316473	-0.001011686539863832	-0.005834409094409909	0.45163553939236173	-0.0024524126952902847	-0.016175692378217144	16.394913266594813	10534.726598283669	0.012684007813857102	2411260.256393425	2428701.3888888885
115.0	2.0	2.0	1.0	-0.5	0.0	0.0	0.15284974259870604	0.0023035399321819083	0.0014100862134526215	-0.45851685852254576	0.008173021465865071	0.0024907301441344787	16.606787562523095	9134.69005817251	0.013501696025998482	2433762.1526866094	2449718.959139258
116.0	2.0	2.0	1.0	0.0	0.9	0.0	-0.0010788722040674919	0.2854761470953404	0.025768410772855188	0.003430832253636157	0.856169487097443	0.07831232776374752	16.635596632113447	14451.524546786004	0.012723427084197339	2454780.475619504	2476187.2771855504
117.0	2.0	2.0	1.0	-0.9	0.0	0.0	0.28741231303614034	0.005744527505913144	0.002040100709543413	-0.8619779849198428	0.017168843970594705	0.006394964522770774	16.983128825359017	15534.815942866317	0.013422434965072285	2481248.3225098755	2504071.7163495477
118.0	2.0	2.0	1.0	0.35	0.35	0.0	-0.1061824775083921	0.10519345377593026	-0.0030592568856433466	0.31903297162876076	0.31541851495992945	-0.00812489814605799	16.7428101317455	12434.859411740945	0.013386945959984803	2509116.872195674	2528373.3480368988
119.0	2.0	2.0	1.0	0.9	0.0	0.0	-0.28407016396028645	-0.0016266638946136336	-0.02379185473412715	0.8538936941066181	-0.006174762626732111	-0.07110090180824091	16.593294707490713	19985.188491542885	0.01498543541583578	2533436.5288790865	2561108.6116508255
120.0	2.0	2.0	1.0	-0.0	-0.7	0.0	-0.012540175958735498	-0.22736340035133074	0.0018617837796548464	0.03697314240476081	-0.6811838613939684	0.0056769054703447175	16.60095281431495	12001.305160251377	0.015646414667424863	2566168.2055815198	2588142.919241249
121.0	2.0	2.0	1.0	0.64	-0.64	0.0	-0.20077037185715807	-0.20443375360396698	0.0043709712367436815	0.6018903150150345	-0.6131394144440393	0.01384534676127247	16.290981813199323	7834.181924533368	0.015653712379259676	2593188.1181186438	2608744.370197273
122.0	2.0	2.0	1.0	0.1	0.0	0.0	-0.018369208848213553	0.0006840102254949132	0.0022118684672133293	0.05471919526177346	0.0018578150350512246	0.006681382467330077	16.563756294090126	11618.018723707337	0.016109021352605883	2613806.4449899932	2631579.1695111063
123.0	2.0	2.0	1.0	-0.64	-0.64	0.0	0.20094832517554892	-0.19988558581745347	0.0013446677347681568	-0.6030068218945079	-0.6003365121973784	0.004400219729825183	16.4521667338704	12917.994071895919	0.015638440623427487	2636639.523782434	2656613.851984106
124.0	2.0	2.0	1.0	0.5	0.0	0.0	-0.15111247505427544	0.0061862256653723025	-0.004884364080292136	0.452625301144236	0.017587598788948333	-0.015293971160537656	16.615539685062686	18218.5412254139	0.017618924528731546	2661675.466196386	2687165.509927824
125.0	2.0	2.0	1.0	-0.21	-0.21	0.0	0.05812937160296668	-0.06107551067005701	0.010554085603087127	-0.17399968352603268	-0.18270862363301454	0.031982696269092004	16.561568263568915	8151.156082433317	0.016859564394769187	2692228.583921184	2706883.3203510186
126.0	2.0	2.0	1.0	-0.49	-0.49	0.0	0.15225921483526597	-0.1563119514682132	0.001729079118000354	-0.4570689679679484	-0.4692919164139351	0.0045921355000299036	16.640337365060986	8851.045441019323	0.016802501449842876	2711947.329727459	2727767.8029109556
127.0	2.0	2.0	1.0	-0.35	-0.35	0.0	0.10285454933339408	-0.10868103584004107	0.002843506523194428	-0.30869312509447155	-0.32513676786009904	0.008438965438203105	16.701966893833742	7984.388766359189	0.017766679176450865	2732829.826649629	2747352.31741614
128.0	2.0	2.0	1.0	-0.1	0.0	0.0	0.025088357917801136	0.011931033705016691	0.0035968932630926487	-0.07490901174410824	0.03453069944573106	0.011706221103079728	16.354799372038542	7234.491603796869	0.016998900362339458	2752413.0024447595	2766053.2566647413
129.0	2.0	2.0	1.0	-0.0	-0.7	0.0	9.710350481370068e-05	-0.21682318369772358	-0.00377806057838459	-0.001230019448037396	-0.6501782276310203	-0.011196850538083503	16.84929428711257	16768.575650428375	0.01689193581777182	2771115.611525378	2794554.7850041133
130.0	2.0	2.0	1.0	-0.7	0.0	0.0	0.2200289761296561	-0.0035321394481334645	-0.004075391775464898	-0.6588892652667939	-0.011405650183707317	-0.012409283589155051	16.671334465627297	13935.23392964471	0.017505054644931867	2799617.0822466114	2820189.5844638157
131.0	2.0	2.0	1.0	-0.5	0.0	0.0	0.15438542725503818	0.0034433958476617343	-0.0010759380484386405	-0.46153781808650035	0.011689697033020807	-0.0031362600139357433	16.4631068869312	8151.048139590785	0.016342500492715233	2825251.973238927	2840023.8342172974
132.0	2.0	2.0	1.0	-0.5	0.0	0.0	0.15266005433966934	0.001640699211582941	0.0017740016784113521	-0.45662065352897224	0.004339450710447612	0.006100215151965571	16.723482528050226	7050.567939808843	0.017665540898765007	2845063.437571111	2858690.1869015736
133.0	2.0	2.0	1.0	0.0	0.1	0.0	-0.005656724772398088	0.01975093660760585	0.0027926939802394024	0.017034912864338825	0.058022777427070404	0.009202069123139811	16.68519199211005	7150.5737016223065	0.017130305962209977	2863716.0643747775	2876841.2777077607
134.0	2.0	2.0	1.0	0.49	0.49	0.0	-0.1496155601558767	0.16001217376417998	0.02099042648959204	0.44803744862832284	0.4800688905661121	0.06567212634449138	16.789488117410656	10519.035136853745	0.018121792371399645	2881866.813118848	2899377.2405433315
135.0	2.0	2.0	1.0	0.7	0.0	0.0	-0.22189551360502513	-0.01118289347474577	-0.012800347905791432	0.6656218022679308	-0.03348394187709258	-0.03876726024289501	16.27128953805368	12567.869427086407	0.018037056154396495	2904442.2866816036	2924478.543077946
136.0	2.0	2.0	1.0	-0.49	-0.49	0.0	0.15307355238799128	-0.15223726846780794	0.0022284702829701297	-0.4587027487868171	-0.4567118054034238	0.0068227420459806565	16.755938314872765	8401.747580037863	0.016879851582855578	2929541.537937533	2944729.8048422574
137.0	2.0	2.0	1.0	0.0	0.3	0.0	0.011341546074256904	0.09133162311362653	0.008315257495915884	-0.03298882146845758	0.2730885296808554	0.0251746578161981	16.33729512741411	10918.146869365955	0.017623376891252263	2949791.9303243533	2967513.3185422462
138.0	2.0	2.0	1.0	-0.64	0.64	0.0	0.21064177889611516	0.19822519313975695	0.025985143816211642	-0.6313426897640443	0.5946108408721265	0.07996962233899885	16.755573643422395	15718.322787025954	0.01789007222599552	2972559.618728375	2995499.0642522476
139.0	2.0	2.0	1.0	-0.0	-0.9	0.0	-0.0014225691508578855	-0.28409549399585776	-0.0029525413901755337	0.005076939291880746	-0.8514125116011216	-0.007850528725344641	16.405853419200866	15451.83670581764	0.01778503557924786	3000544.6139438814	3023067.3508638344
140.0	2.0	2.0	1.0	-0.0	-0.5	0.0	-0.0015761117210722486	-0.15079774644940525	0.012873420309686301	0.0055375670025238355	-0.45184296169748706	0.03912380865164988	16.657841610140167	12984.870862434036	0.017811607374278074	3028130.938679713	3047885.384393215
141.0	2.0	2.0	1.0	-0.9	0.0	0.0	0.285405275649855	0.0016169487965868035	0.03169963530929609	-0.8566366275060048	0.004753738569043819	0.09528201419064863	16.753020940996066	17168.927266945502	0.018228421365255765	3052950.836411163	3077236.9323519287
142.0	2.0	2.0	1.0	0.07	0.07	0.0	-0.014588710753740462	0.00953211231334683	0.0029686182954792306	0.04418693281766111	0.02914661459076917	0.007669874112805286	16.750832910020108	9901.456571968538	0.017890255405378835	3082300.648532269	3098171.4019295513
143.0	2.0	2.0	1.0	-0.64	-0.64	0.0	0.2030824356980728	-0.20265641289885739	0.02182839703967121	-0.6087617679906341	-0.6075484381401324	0.06534785992194336	16.59147134887462	12684.688745354379	0.01740347373346348	3103235.078725341	3123156.254193725
144.0	2.0	2.0	1.0	0.0	0.7	0.0	0.0013690605836913887	0.21860487483315338	0.01992402227809409	-0.004430874486796969	0.6547140691980028	0.05968051270290209	16.552451469578955	15584.791655726349	0.01826269645197128	3128220.8350108233	3150824.4484704207
145.0	2.0	2.0	1.0	0.64	0.64	0.0	-0.2068746428377728	0.19921925784706118	0.012723088425963258	0.6213360525319085	0.5965572182397255	0.03652129091304657	16.838718805956887	8801.136463092462	0.018107479439858673	3155887.066624073	3172258.952327189
146.0	2.0	2.0	1.0	0.3	0.0	0.0	-0.08549358725021637	0.004006496046624619	-0.004764940871359924	0.2569339315806612	0.012019488139873857	-0.014569485008220306	16.49957406334579	10434.323344244604	0.01856016811459952	3177321.7812611223	3194410.2429735046
147.0	2.0	2.0	3.0	0.9	0.0	0.0	-0.21545124009071034	-0.01119625551088077	-0.013278876936044681	0.6460947660835528	-0.033977197815509674	-0.04015707026796467	17.232564313417242	0.0	0.014440253923587987	3199455.2281532437	3229495.738081068
148.0	2.0	2.0	1.0	0.21	-0.21	0.0	-0.0634433316636533	-0.05545411156489233	0.004883112840390003	0.19062131845311053	-0.1658767955910927	0.013642243075988048	16.387619831220945	6933.832496046762	0.01488019280503118	3234559.7335999813	3247996.335048749
149.0	2.0	2.0	1.0	0.0	0.3	0.0	0.0008496589040472881	0.08621337199685375	0.006689683375227906	-0.0031963621835874693	0.25799273051911564	0.019657056534472916	16.749738894759503	6701.150393553689	0.016113574839704197	3253059.6650416893	3266347.6849906933
150.0	2.0	2.0	1.0	-0.64	0.64	0.0	0.2053618324680984	0.19990202509247335	0.023788723582769178	-0.6155028504799938	0.598929212711685	0.07196127260227869	16.45654279491282	14217.979630893751	0.016890300820734394	3271411.7600080515	3293115.6658614716
151.0	2.0	2.0	1.0	0.07	0.07	0.0	-0.01297749779240652	0.011256937109017318	0.0027538750285782676	0.03847932354720747	0.03461241243993174	0.00688831311503213	16.866798531737004	17.667253058789356	0.01651357419725144	3298162.2654431197	3304149.596381289
152.0	2.0	2.0	1.0	0.9	0.0	0.0	-0.28447871166770317	0.005472034329177644	-0.018074836347014123	0.8520442562395014	0.016966380638261613	-0.055918260471575665	250.12325905709076	11001.284738632421	0.01696272403513126	3309213.1324137766	3328167.6064258083
153.0	2.0	2.0	1.0	0.0	0.9	0.0	0.001110089131500444	0.2848770954231964	0.012357164873704751	-0.0025857741023386366	0.8543399628074387	0.03583551384748185	16.68482732065968	18368.319213242557	0.016493004289577447	3333232.044656246	3358852.5781564526
154.0	2.0	2.0	1.0	-0.5	0.0	0.0	0.15602033884053024	0.013703829764123432	0.016291978332158452	-0.4680933857951631	0.04166176694309931	0.04722796063163215	16.51744297987534	9367.872490328864	0.017589619551484664	3363914.932652418	3380253.601863035
155.0	2.0	2.0	1.0	-0.07	0.07	0.0	0.008022840984275408	0.018277513170018578	0.005245325398594014	-0.024068522952826223	0.05470306241576661	0.014408441290769458	83.28009125534663	11618.26670050823	0.01717982803065348	3385317.880731911	3402905.01430972
156.0	2.0	2.0	1.0	-0.35	0.35	0.0	0.10446886974499098	0.10634857504082895	0.018515797665334288	-0.3138921483385572	0.3187544016603364	0.05490651407634162	16.949579022821126	13018.33277903188	0.01830818159240658	3407954.541476308	3430939.703711483
157.0	2.0	2.0	1.0	-0.0	-0.3	0.0	-0.0019893464993023142	-0.08413383606962599	0.001153868924947954	0.005806193130045458	-0.2524986160295949	0.0032784985120835053	16.431015771104285	10517.60161214088	0.016466381120285138	3436004.3859073324	3453107.790045336
158.0	2.0	2.0	1.0	0.21	0.21	0.0	-0.06780159108006957	0.05395836627619377	0.006197952239214155	0.20304871123091356	0.16138955972499702	0.021203149461977544	16.732963993945305	12250.980967051419	0.0167060676999258	3458172.399671504	3477359.1965843383
159.0	2.0	2.0	1.0	-0.35	-0.35	0.0	0.11120013355470096	-0.10608146379535299	0.018360143434776433	-0.3340535704941149	-0.3178559601031916	0.055171984435709476	16.487539895024383	10884.752781716543	0.016192763707458913	3482422.993357139	3500093.640416134
160.0	2.0	2.0	1.0	-0.0	-0.5	0.0	0.0016010187981103199	-0.15315739312247068	0.006901600671359476	-0.004867794941475353	-0.4588247938959661	0.022810547035822526	16.39126654890788	12001.362778390558	0.01723700450030735	3505159.0457560956	3523661.6699341256
161.0	2.0	2.0	1.0	0.35	-0.35	0.0	-0.10453550728951858	-0.10540639612115099	0.010979909971739144	0.3138007375099894	-0.3162839269105977	0.031703749141585025	16.5692263708479	14018.692345393902	0.017026201586866702	3528727.3181454833	3549379.683479494
162.0	2.0	2.0	1.0	0.0	0.5	0.0	0.006314653995222009	0.15293239214386967	0.01823411612112469	-0.01891159271209383	0.4583763758751691	0.05488545662613442	17.06809734696435	8284.59677513456	0.017624461702611498	3554447.176565317	3569597.593822752
163.0	2.0	2.0	1.0	0.0	0.3	0.0	0.007111736567181695	0.08309494639223014	0.026040857556978714	-0.02143231752226201	0.24996459392170822	0.0761999359119524	16.677169213380694	5917.820852806926	0.016849096317783644	3574662.791299807	3586999.5025877105
164.0	2.0	2.0	1.0	-0.0	-0.1	0.0	0.0014285466767109162	-0.019909002244363427	0.015530504310629745	-0.004544594218710991	-0.059791745280234676	0.04878881208501351	16.49009259745071	2234.320572738852	0.017166060312250545	3592071.7827198096	3604282.6570860096
165.0	2.0	2.0	1.0	-0.07	0.07	0.0	0.010760988047077008	0.01611650593910141	0.015619171435083512	-0.03192690213193586	0.047605024525141704	0.04658285191111	16.66002964020663	7135.002217204146	0.016804950414750365	3609330.632938904	3622434.1887803627
166.0	2.0	2.0	1.0	-0.0	-0.5	0.0	-0.0017602238332482822	-0.15257014544542036	0.03042735637440941	0.006057534065479739	-0.4568040966762372	0.09215183337133992	16.775995261923526	9101.663194991488	0.0170964664665693	3627485.6425078916	3643568.4167994075
167.0	2.0	2.0	1.0	0.49	0.49	0.0	-0.15116342860678145	0.15258738316252352	0.017243500419558577	0.453101854537477	0.457179502563269	0.052005163652816266	16.597306096628017	13551.567140448242	0.01738489077194917	3648632.567668493	3669219.7956962897
168.0	2.0	2.0	1.0	0.35	-0.35	0.0	-0.10708081979989216	-0.10340067508532258	0.013719472037756142	0.321760367776833	-0.31020202525596774	0.03951044174842522	16.461648199765477	14035.055167545124	0.01654791059829776	3674284.711646741	3695121.262114396
169.0	2.0	2.0	1.0	-0.3	0.0	0.0	0.08472573629024407	-0.0010632141074881085	0.018723881895070016	-0.2534003463049973	-0.0026717339453075084	0.05502721904295782	16.63304392968712	10434.694580102132	0.016882551332460662	3700186.202133184	3717272.38938776
170.0	2.0	2.0	1.0	-0.07	0.07	0.0	0.010794561457626138	0.011627202755558286	0.013710078583862417	-0.03202762236358341	0.03556136301169266	0.04314442664195117	16.407676778271707	10717.85710118047	0.016419046445049608	3722337.4559476506	3739023.4739215923
171.0	2.0	2.0	1.0	0.21	-0.21	0.0	-0.05578357466308653	-0.062158284450563706	0.012137557030509005	0.16725361616854284	-0.18683091536098628	0.03705355001118826	17.00026839853308	9767.709190311962	0.016780843098070798	3744086.9505125824	3760374.761504665
172.0	2.0	2.0	1.0	-0.07	-0.07	0.0	0.00847649851134255	-0.0195898800500669	0.016806396581898086	-0.0259797731847565	-0.057377761386592896	0.050648075074144705	16.823037919948547	6451.259430411483	0.016513545825245973	3765421.1725510103	3778242.522405433
173.0	2.0	2.0	1.0	0.1	0.0	0.0	-0.01959116618917988	-0.003105244836457133	0.0242335545890755	0.05896771420897349	-0.00827991775505843	0.07274644083291659	16.672793152338272	3800.93625829295	0.01662459105488707	3783309.0498404196	3793460.577158711
174.0	2.0	2.0	1.0	0.07	0.07	0.0	-0.013479480486965564	0.013182624036963575	0.014445642786219404	0.03949973252730048	0.0398391955730415	0.0433827054243483	16.32270825712112	4500.478814029066	0.018018364628506634	3798526.0393874682	3808994.25824304
175.0	2.0	2.0	1.0	0.21	-0.21	0.0	-0.057939791241508665	-0.06058647568492892	0.013787197680562246	0.17430491282811011	-0.18153284213978105	0.04090382238478585	16.38652581596034	13984.508014026687	0.017737400582770166	3814059.094330375	3834445.449479832
176.0	2.0	2.0	1.0	0.3	0.0	0.0	-0.08598633822795256	-0.001967495081713011	0.006195730525611398	0.25705267502383383	-0.006549870716584638	0.018037866788553125	16.78365336920251	12384.222548967955	0.01720182103944614	3839494.8464585994	3858546.663399208
177.0	2.0	2.0	1.0	0.7	0.0	0.0	-0.2172692883942681	0.0011813490082688283	-0.0043807370108404076	0.651646018814943	0.0029937693740778037	-0.013737312886492381	16.43612117595694	10534.577447530864	0.01667304378480653	3863611.4338456243	3881531.1648491425
178.0	2.0	2.0	1.0	-0.7	0.0	0.0	0.21752800520817342	0.001115285478859862	0.006693754482234193	-0.6526487541716649	0.003993241908025524	0.019760823986871956	16.645442769913643	10984.709312841915	0.01735693259818098	3886580.59902443	3904549.209902151
179.0	2.0	2.0	1.0	-0.9	0.0	0.0	0.2851945257834806	0.0016961930941949976	-0.014071485465901423	-0.8559396393597369	0.004861994367578948	-0.04212290226632409	16.7814653386813	12001.089274565402	0.017472500227505405	3909599.460212852	3928017.4371451745
180.0	2.0	2.0	1.0	-0.21	-0.21	0.0	0.05525768618101858	-0.06360724966504894	0.019602240024286455	-0.16603201273163398	-0.19017436352370087	0.05912715953268999	16.668052419390733	10234.647683313142	0.017590178696630723	3933083.226119834	3949701.9541301266
181.0	2.0	2.0	1.0	-0.7	0.0	0.0	0.2182896628471356	0.00193241973682301	0.01276531319128904	-0.6542539723435333	0.00537645865402947	0.039119926756288725	16.552816141484072	8934.340483817323	0.01661978251546643	3954767.100917806	3970636.639958106
182.0	2.0	2.0	1.0	0.0	0.3	0.0	-0.0011330756316399817	0.08592401658654314	0.020959713130250135	0.002751841423474174	0.25841943523107536	0.06200937514263871	16.476235070513212	9467.905602525207	0.01729988693864077	3975710.5727826497	3991687.5280797263
183.0	2.0	2.0	1.0	-0.0	-0.1	0.0	-0.00029131914624744054	-0.019142156889819573	0.015201355000995287	0.00048552615587479204	-0.05768542485803696	0.046840045776618267	16.644348755107785	4851.233611650969	0.01744815592950344	3996752.3204064486	4007988.5704575023
184.0	2.0	2.0	1.0	0.21	-0.21	0.0	-0.058241805195744345	-0.060676803221805464	0.013749306477310541	0.1743046150307933	-0.18232173312756683	0.04024082398674966	16.956143114839506	9850.967401262096	0.016868606169368642	4013054.1231248574	4029489.7833557967
185.0	2.0	2.0	1.0	0.64	0.64	0.0	-0.19861620964863191	0.20744984482913142	0.016007696650504055	0.5948128121915826	0.6226732272231172	0.04898440833100404	16.447061329017743	13384.552941587572	0.018247001986690145	4034555.9563298263	4054774.3695554505
186.0	2.0	2.0	1.0	-0.35	0.35	0.0	0.10143259304078245	0.11296409927595386	0.01686862287314239	-0.3037151321980463	0.33785648107354826	0.050148097962526283	16.64106670887122	11752.181101834594	0.018004731707983578	4059841.477183217	4078592.46252633
187.0	2.0	2.0	1.0	-0.64	0.64	0.0	0.2059988770356135	0.20080489476637597	0.024435382619842683	-0.617511092003256	0.6017349295541101	0.07110884870640377	16.930251418671105	13819.762802895639	0.01747069882113848	4083658.119125138	4105094.04410778
188.0	2.0	2.0	1.0	0.5	0.0	0.0	-0.15250591617482134	0.00035080523924602147	0.00463448844115566	0.45777670271304244	0.0021529710191954265	0.013766134126396712	16.832884057293995	11319.050598936883	0.017960933715436354	4110159.0519555165	4128311.6415626626
189.0	2.0	2.0	1.0	-0.49	0.49	0.0	0.15732887319854455	0.14946130977752825	0.03280920424188161	-0.47124212630347095	0.44731574330469925	0.09948048523651687	16.5830838977854	10501.476191309848	0.018484363093102658	4133378.481521353	4150846.3801951148
190.0	2.0	2.0	1.0	-0.0	-0.9	0.0	-0.0005070581966551274	-0.285965216607737	0.006826752117074175	0.0006795734770860123	-0.8573777414460545	0.02221978484744591	16.810274408271653	17701.81883690111	0.01833442601763276	4155912.476588073	4180748.047547364
191.0	2.0	2.0	1.0	0.35	0.35	0.0	-0.11851168780559604	0.10124846366497753	0.01827579156166559	0.3549847857660593	0.3039719759099383	0.05496470588206703	16.577978492932743	11568.074007946962	0.01861457895208168	4185815.3283942193	4203882.627474664
192.0	2.0	2.0	1.0	-0.07	-0.07	0.0	0.012815336363615523	-0.01386282332004174	0.01599875486373592	-0.038672594005852615	-0.04090871521510708	0.04863714351086901	17.067003331248998	7667.712180620583	0.018981010083829006	4208951.592011063	4222934.036347565
193.0	2.0	2.0	1.0	-0.0	-0.3	0.0	-0.0050340219510270744	-0.08532536629343013	0.014882563515607128	0.015652343503810236	-0.25581425251242906	0.04592944838614388	16.558286217332352	14967.227313039984	0.017151487800107244	4228001.598356351	4249767.825885277
194.0	2.0	2.0	1.0	-0.64	0.64	0.0	0.20144114520773532	0.2035217644266868	0.026520613412593264	-0.6051650367360852	0.6085583983185788	0.08024849622313113	16.735881367822003	12834.861308034306	0.018420997277186886	4254818.036811427	4275169.944336502
195.0	2.0	2.0	1.0	-0.21	-0.21	0.0	0.059852176555965454	-0.0579188504794772	0.02047852292657837	-0.18036576150720346	-0.17352996652342556	0.06239688715922698	16.399289327637234	8117.907134146662	0.017928886735444547	4280237.558858023	4294854.297583831
196.0	2.0	2.0	1.0	-0.9	0.0	0.0	0.28578065564161814	0.004682189526794889	0.0012371648736090313	-0.8566622121798363	0.014273153495390711	0.004718590066009054	16.372303616662975	11834.406197669523	0.01856346416094433	4299923.265037606	4319822.214855853
197.0	2.0	2.0	1.0	0.49	0.49	0.0	-0.16406536788286377	0.14762875140760345	0.004020544746962007	0.4914516103564289	0.44408391734498465	0.011832748912435576	16.61699837222841	12001.149810079369	0.017882123755625805	4324889.800568305	4344306.904476419
198.0	2.0	2.0	1.0	-0.0	-0.9	0.0	-0.002427393404701326	-0.2843367055066083	0.011068271915669947	0.007735350044115902	-0.853139593614114	0.032472382695968416	16.488633910739736	18167.62283603839	0.01886012775080961	4349362.564692772	4374675.36773501
199.0	2.0	2.0	1.0	0.07	-0.07	0.0	-0.0137283095667703	-0.011550979590187915	0.013595104905686717	0.04021385049314233	-0.03504137005343111	0.04243328908190336	16.548440079532156	6784.757230711875	0.0191478221220297	4379743.544945066	4392943.0262359455
200.0	2.0	2.0	1.0	0.0	0.7	0.0	0.006375029164289022	0.21811376389862436	0.016644901197750417	-0.017636100908542174	0.6537586447715719	0.04911071641082965	16.61918640274962	9067.993050814039	0.018893519152063745	4398011.4310011845	4413945.270061323
