TN	BN	Hand	Digit	Corr	TargetX	TargetY	TargetZ	EnsPercent	RawX	RawY	RawZ	ForceX	ForceY	ForceZ	RT	MT	EnsForce	measStartTime	measEndTime
1.0	1	2.0	2.0	1	0.0	0.0	0.75	0.0	-0.00518167331345123	-0.0007201084394042878	0.0998164034485387	0.013473386431727586	-0.0026134951482246205	0.30063941405355843	44.321541776298545	13736.193871474825	(0.0013240410436692676, 0.014101122737896076)	0.16774925461504608	14789.339388837107
2.0	1	2.0	2.0	1	0.0	0.0	0.75	0.0	-0.003170397710279476	-0.0030486029235847756	0.10034738689250022	0.008378268555808536	-0.008919223855748282	0.3025070267795835	32.59696271561552	13351.97003268695	(0.0017282789199115287, 0.013143206580436089)	16870.06616614235	31697.666972511797
3.0	1	2.0	2.0	1	0.0	0.0	0.85	0.0	-0.0009019158593024209	0.0027866276028065684	0.13946150911726496	0.002867593945768747	0.008003820799124872	0.4186134126802453	8.847679288010113	14120.712000774802	(0.002286054119912973, 0.008724165795563147)	33785.6292128854	49391.10958110541
4.0	1	2.0	2.0	1	0.0	0.0	0.65	0.0	-0.0011658549160108223	-0.003783104899972134	0.060162111848630295	0.0029796563708758164	-0.011284576152772008	0.18034900434882062	8.9089442481054	11310.75622823846	(0.001363191011036338, 0.01158128576067376)	51457.165956526296	64242.286086882814
5.0	1	2.0	2.0	1	0.0	0.0	0.85	0.0	-0.0006146277665905269	0.000541947957663047	0.14051752498664782	0.0016496676583378992	0.0023379678915794733	0.4222392309452948	8.685035441885702	11761.59730841755	(0.0023573057229409203, 0.003244894972899612)	66307.63682139514	79543.5240034567
6.0	1	2.0	2.0	1	0.0	0.0	0.75	0.0	-0.00012075896994029713	0.001950788220623334	0.09982784771496167	0.0003299076362486944	0.006078949576876047	0.2987511100938436	32.81540142779704	15244.09777886467	(0.0012550304880829307, 0.006069982848877543)	81616.13645746547	98345.93580017099
7.0	1	2.0	2.0	1	0.0	0.0	0.95	0.0	-0.0017826406341728154	-0.0018923940510983117	0.1791312123292893	0.005639245364669052	-0.005968505615445374	0.5378971847104589	8.721138015971519	14134.69937145419	(0.0016604891788324764, 0.00755998075992112)	100416.28035715257	116037.9437879601
8.0	1	2.0	2.0	1	0.0	0.0	0.75	0.0	-0.0038399237648486647	-0.000598982617697974	0.1006757000076296	0.01103423219096154	-0.001635101485232604	0.3015235523002978	91.26179532904644	12259.412192026502	(0.0015191294569506851, 0.011387728527472137)	118127.82128724211	131855.0175990822
9.0	1	2.0	2.0	1	0.0	0.0	0.95	0.0	0.006558705370247695	-0.004740156421924602	0.1801987029831389	-0.018737407177146708	-0.014123361445057214	0.5409623254749374	25.07960796356201	14159.870876843343	(0.0014600031435270985, 0.02386947426112371)	133917.36489256436	149564.11631879746
10.0	1	2.0	2.0	1	0.0	0.0	0.85	0.0	-0.0008686834051015119	0.005615184204646795	0.13953704127565414	0.002444203847443218	0.01694266043465731	0.4200302128633552	66.75289951090235	13017.527609335957	(0.005127319537890249, 0.017536763310017987)	151640.78794013767	166123.84125377866
11.0	1	2.0	2.0	1	0.0	0.0	0.85	0.0	-0.0020783878970449176	-0.0010372194228344123	0.1401835355153741	0.005199346936821619	-0.0025290113442020257	0.4201386129549115	99.45744054857641	12243.14744284493	(0.001282396162541307, 0.0064984844901377035)	168192.49993070844	181916.2183628505
12.0	1	2.0	2.0	1	0.0	0.0	0.95	0.0	-0.0044703477369424345	0.002163885938306631	0.17988354314488408	0.012116272267935928	0.006232703626341651	0.5401541771572432	24.978958404972218	13418.245211491012	(0.0013195116162209696, 0.013895779636478959)	183998.7823591946	198900.48202384787
13.0	1	2.0	2.0	1	0.0	0.0	0.55	0.0	-0.0029088755593311656	0.0006449685656850779	0.020066376745251246	0.009471119970156025	0.0017083207820491886	0.06106889448386543	25.97086706373375	12527.486445134855	(0.0015548371252100358, 0.009049926087398682)	200972.08542958833	214960.9549017041
14.0	1	2.0	2.0	1	0.0	0.0	0.75	0.0	0.001754565684227821	-0.0015539193471114654	0.10101206988632105	-0.005652128335550826	-0.004597019494189669	0.30303620965896316	91.38943062862381	11709.622024456621	(0.0016220593289776627, 0.006993508557655537)	217022.5746739452	230217.9825015628
15.0	1	2.0	2.0	1	0.0	0.0	0.85	0.0	-0.00013526040450075614	0.00019507882206160065	0.14044428168154344	0.0003734119399299049	-0.0004829495617003632	0.41991375600823755	132.8679871658096	11867.889072513208	(0.003052583943160958, 0.003352466206010037)	232295.57674382522	245628.98969727394
16.0	1	2.0	2.0	1	0.0	0.0	0.55	0.0	-0.005017021608546881	0.0007163536036703944	0.01995263599603203	0.012914692769869814	0.00214906081101085	0.059766353856715915	32.94376608391758	20727.37062521628	(0.0010635907199932964, 0.014981518851369176)	247719.48859815893	269920.7370173099
17.0	1	2.0	2.0	1	0.0	0.0	0.65	0.0	0.0030004806035407064	0.002029575032498676	0.06005783169298817	-0.00906618035776668	0.006153463644640422	0.17989883268482398	32.64218207914382	8476.038841967238	(0.008261151718147014, 0.013629227711303244)	271999.4332992501	281954.8484640691
18.0	1	2.0	2.0	1	0.0	0.0	0.95	0.0	-0.005916024233227807	0.001317429434392059	0.18104472419317907	0.01787754979397254	0.0036285955674528747	0.5426306248569462	33.09401105798315	13868.173152251984	(0.0016904693358541886, 0.01838380681343339)	284020.3986743436	299348.8765175862
19.0	1	2.0	2.0	1	0.0	0.0	0.55	0.0	-0.004648184525948509	-0.0004632258843347836	0.020145906767376043	0.014591939049291298	-0.002101801671594683	0.05874396887159483	32.84712790627964	7799.820800035377	(0.0007894893614863983, 0.013787878717041539)	301418.1281516794	310677.8233294026
20.0	1	2.0	2.0	1	0.0	0.0	0.55	0.0	0.0010549362052364726	-0.0017108240058736346	0.01956545357442563	-0.001837668399245677	-0.00503536419690398	0.05933723964293813	41.46469899569638	6542.747616142151	(0.0012660105684505487, 0.005181172215778105)	312726.4811894711	320756.81390189857
21.0	1	2.0	2.0	1	0.0	0.0	0.95	0.0	-0.005444080224543858	-0.001689978193693209	0.1801048599984738	0.016655933409354375	-0.004163594921055447	0.5394905928129998	99.77944620186463	10300.776241463609	(0.03888727028120138, 0.042323649073715386)	322829.0379799	334608.15378084953
22.0	1	2.0	2.0	1	0.0	0.0	0.65	0.0	-0.0032894087394469778	-0.0012460443964065204	0.05965313191424326	0.010256657501208296	-0.0033497019063521982	0.1793256122682505	66.19896228949074	9976.512915964122	(0.0013117665140484282, 0.01099098198631473)	336673.2988401927	348125.0847863121
23.0	1	2.0	2.0	1	0.0	0.0	0.65	0.0	-0.0040237380797077385	0.0015570699564043666	0.05993081559472102	0.013009923172719592	0.004444624954207055	0.17951778439002253	25.12263930111658	9058.270621855627	(0.0015197918108543432, 0.013127471119445991)	350193.239850807	360715.0374080811
24.0	1	2.0	2.0	1	0.0	0.0	0.65	0.0	0.0002553072504224655	-0.002821888531484129	0.05986227206835959	-0.00047459828911679096	-0.008368557773735463	0.1798614785992193	33.85581148904748	15377.161959724617	(0.0011880979911391147, 0.009688878312696587)	362770.1503325079	379627.1386206936
25.0	1	2.0	2.0	1	0.0	0.0	0.55	0.0	-0.0012624448283504888	-0.0063351415874415284	0.01837634851606018	0.004661304871503117	-0.01981465660163151	0.05517482261387063	79.61817352042999	21435.124433482997	(0.002068495473872256, 0.020406059707048098)	381682.8087643953	404603.99906935345
