TN	hand	digit	Corr	TargetX	TargetY	EnsPercent	RawX	RawY	RawZ	ForceX	ForceY	ForceZ	RT	MT	EnsForce	measStartTime	measEndTime
1.0	2.0	2.0	1.0	-0.07	-0.07	0.0	0.01120639896221375	-0.013730263591916092	0.0011142442969416244	-0.03348971979235196	-0.04080235949288058	0.0021983062485726457	19.864400441292673	6884.233853794285	0.0061200630244183365	0.08022777910809964	11757.225971043226
2.0	2.0	2.0	1.0	-0.3	0.0	0.0	0.08764001320235867	0.002538463172088168	0.0015573434042839285	-0.2623373926827748	0.0068385269505297774	0.004534699015781518	16.630126556265168	21085.139552596956	0.0067432683132244075	12011.924037404242	38241.522475436796
3.0	2.0	2.0	1.0	-0.5	0.0	0.0	0.15183362902121647	0.0039787178150499924	-0.0074465171282520615	-0.4547240244979147	0.012065630539439431	-0.023392423895628234	27.15054234431591	11401.313985319575	0.00710827869302664	38493.27727597847	55359.62325030414
4.0	2.0	2.0	1.0	-0.9	0.0	0.0	0.2846926811978222	0.002709858475652749	-0.01698290989547946	-0.8536572430370268	0.007514559229084838	-0.051543831540409535	16.286970421788283	27218.132063702797	0.008030303121885999	55611.06042172469	88394.09348432673
5.0	2.0	2.0	1.0	0.7	0.0	0.0	-0.21746432189934736	-0.005168196905887434	-0.026535194934010242	0.654108537197373	-0.015666437085523954	-0.08061268024721269	16.242115802015178	18702.532864219393	0.07981057722849044	88646.53678516333	112928.54220273148
6.0	2.0	2.0	1.0	0.35	-0.35	0.0	-0.10419666465478811	-0.10460884419469785	-0.004817540245669827	0.3128813174265147	-0.3146357644234008	-0.012621538109405916	16.104999202070758	9017.265384769416	0.012701868110220012	113181.03254621383	127579.77668958483
7.0	2.0	2.0	1.0	0.0	0.1	0.0	0.004542455688703689	0.020002171803437885	0.004506294346527051	-0.012850504500376007	0.059164914297434534	0.013244220645440619	16.090047676698305	8400.534317072015	0.012205128588970913	127831.60114243219	140713.51276642235
8.0	2.0	2.0	1.0	-0.0	-0.3	0.0	0.010556256707635495	-0.08856863371235646	0.0009563363088274102	-0.031960093585057095	-0.26444349946775036	0.004700091554085795	16.536405906663276	5517.467412922997	0.011201490830830437	140982.38088360813	151680.98769159405
9.0	2.0	2.0	1.0	-0.0	-0.3	0.0	0.0022120729968985653	-0.08508751255530056	0.001175967040491832	-0.004791170397075472	-0.2543885672794497	0.003024353398884516	16.56412097509019	7234.444196466939	0.010419261464635914	151933.53784125065	164214.81829135155
10.0	2.0	2.0	1.0	-0.0	-0.7	0.0	0.0007021434925721846	-0.2163699814984158	0.0018194934004454044	-0.0019122148362828721	-0.6486567746652353	0.005778919661166837	16.902536372072063	9584.133423195453	0.010754246030719316	164467.31410491338	179415.70356852026
11.0	2.0	2.0	1.0	0.3	0.0	0.0	-0.0844429378157766	-0.0017255250509540243	-0.0042815060655012616	0.2526166894287396	-0.005694483530018557	-0.012112085145462359	15.959495169227012	6901.029906002805	0.01121598686275885	179668.35327357694	191749.79797183187
12.0	2.0	2.0	1.0	0.07	-0.07	0.0	-0.009836747099791784	-0.015468504372506686	0.0011251544975567906	0.02921891783722458	-0.04579049691964632	0.005252323185964025	16.280406329315156	8267.481999791926	0.011269246394839984	192002.62053130427	205116.88094779674
13.0	2.0	2.0	1.0	-0.0	-0.9	0.0	0.009990387856802662	-0.28813011462531524	0.0019656977187458846	-0.029582732287540624	-0.8647140366116683	0.006675303272969169	16.23226965602953	10967.631734034512	0.00962465061450832	205370.45618979027	222817.81618500827
14.0	2.0	2.0	1.0	-0.64	-0.64	0.0	0.20846410472624202	-0.20042567038391368	-0.006359006637706166	-0.625618899093732	-0.6004677793124341	-0.01839036392776716	16.465294916997664	7900.776094465982	0.011227660390349272	223057.54629871808	237368.7261869345
15.0	2.0	2.0	1.0	0.07	-0.07	0.0	-0.007979781218618011	-0.024506787811338193	0.0010928282596752714	0.024619098400872	-0.07271113159470732	0.002637605859364567	16.731869967770763	4317.583524418296	0.008442033946523805	237604.88288200577	246853.00555176218
16.0	2.0	2.0	1.0	0.35	0.35	0.0	-0.10057132759420795	0.11399420716940278	-0.005868551155901125	0.30200530624477445	0.34240342206464824	-0.015911902037170078	16.47878777293954	7516.560109579586	0.007920235725683258	247091.8017410877	259970.2934732486
17.0	2.0	2.0	1.0	-0.7	0.0	0.0	0.2201895827543398	0.006152551910096116	-0.019097039749783717	-0.6587560689429717	0.016386022221662078	-0.055551590753127766	16.678263229550794	6251.0918272600975	0.009001889669165751	260223.28341705725	272054.3430219259
18.0	2.0	2.0	1.0	-0.21	0.21	0.0	0.05779381660745563	0.06040145291716248	0.005996299687164974	-0.17383461965237865	0.1804922347328971	0.018858663309606616	16.61408100335393	11368.543851058348	0.008002888948430976	272307.1375016734	289088.24837939756
19.0	2.0	2.0	1.0	-0.0	-0.1	0.0	0.006480911216095593	-0.01831455656671621	0.0006623407339355625	-0.02070513531760596	-0.055364470256588194	0.0018496910047364201	16.15277120436076	7383.968008070951	0.008680133127549084	289341.7955416662	301689.52575165895
20.0	2.0	2.0	1.0	0.64	-0.64	0.0	-0.1983584175169748	-0.20800327416815073	-0.016911947814171935	0.5945897134473402	-0.6228121593822777	-0.05151405355924732	16.257796683930792	17618.166051091976	0.007341349800966545	301943.0222245428	325973.7607723946
21.0	2.0	2.0	1.0	-0.0	-0.3	0.0	0.007884135410090918	-0.08485635817784032	0.003123270008372092	-0.02332871349454995	-0.25437485889208744	0.008957816433905474	16.60241150239017	12318.587465793826	0.007963756186315422	326227.1916043683	344091.5296959429
22.0	2.0	2.0	1.0	-0.7	0.0	0.0	0.2192278215030811	0.0068225688986520705	-0.003195162890076375	-0.6569066019435084	0.02046770669595621	-0.0088530556191877	16.54989877715707	12884.72980739607	0.009150247250336857	344344.5469901344	362792.4959302618
23.0	2.0	2.0	1.0	-0.07	-0.07	0.0	0.012612466257404354	-0.016012534753437335	0.00031692988478149164	-0.037125274753623067	-0.0466780947702764	0.0026445410848777717	16.336201122612692	5984.258578551817	0.008397152019501919	363049.19312724087	373909.99864341575
24.0	2.0	2.0	1.0	0.3	0.0	0.0	-0.08444964904516399	-0.0049885744119551045	-0.009908773937605697	0.253219470041203	-0.015548370160166192	-0.029497436484366646	16.521454366738908	23585.249683470465	0.1444584914636515	374163.4334867849	402994.7862877452
25.0	2.0	2.0	1.0	0.0	0.5	0.0	-0.0008052072596263882	0.15348839484014254	0.0005269092851071244	0.002124298316728559	0.4594617370396865	0.0012145113298006605	17.13410293450579	11036.707495310111	0.014357827185225281	403248.39216217515	419729.4113614189
26.0	2.0	2.0	1.0	0.3	0.0	0.0	-0.08617385774565993	-0.006662589158899612	-0.010346646829939354	0.25897474306699186	-0.019728813288120595	-0.030307507438776637	16.16042932437267	10834.051007361268	0.014592623922169309	419983.13429547125	436579.89083185385
27.0	2.0	2.0	1.0	-0.5	0.0	0.0	0.15327430446473492	0.0035260604985335453	-0.010080445563430795	-0.460405560318506	0.01109608987275712	-0.029737788967701406	16.106093215057626	10117.15080490103	0.014145790233476903	436834.3325339665	452780.340326266
28.0	2.0	2.0	1.0	0.35	0.35	0.0	-0.10747050916852575	0.10397290126146141	-0.0035245822842694396	0.3230589129770229	0.31204818087867336	-0.009429320210556091	16.69868484896142	12951.962882245425	0.01327159162929645	453018.2303062611	471215.7843068562
29.0	2.0	2.0	1.0	-0.07	0.07	0.0	0.010372588054507383	0.01537674827169	0.0024328221561149554	-0.030761702154226984	0.04590365990006395	0.006520256351613352	16.085671610198915	8567.95257225167	0.013145043440356791	471469.8197646212	484524.7776231554
30.0	2.0	2.0	1.0	0.49	-0.49	0.0	-0.148644241337108	-0.15722736423559636	-0.018062508583194137	0.445706139096318	-0.47171446198036127	-0.05203600366214822	4266.310309423716	12000.939394478337	0.011661786207939786	484770.2319895907	502433.60639954335
31.0	2.0	2.0	1.0	-0.0	-0.1	0.0	0.0008254380556089523	-0.016676951857660383	0.0038067063401209245	-0.0019907750632424033	-0.05038691758227598	0.012884985122445625	16.55391015810892	5784.328376714257	0.012354055948031456	502688.16151458304	513234.18564417807
32.0	2.0	2.0	1.0	0.5	0.0	0.0	-0.1503684284580882	0.0023288289666757445	-0.015541542687125265	0.45133187028927046	0.006759901985021188	-0.04731128404672713	16.59438872593455	31916.55033637653	0.08051959082324775	513488.453762533	550600.4116414842
33.0	2.0	2.0	1.0	0.35	0.35	0.0	-0.11049024948984208	0.10330695740650375	-0.0034089570458725182	0.3312441635545202	0.30995324149308345	-0.011279743648489604	16.53932327462826	9033.826953032985	0.07948209266964651	550839.2461213516	565035.3895715525
34.0	2.0	2.0	1.0	-0.0	-0.5	0.0	0.0035066065651169166	-0.15227448234262986	0.004647997253361957	-0.009807695676760417	-0.4566292313864557	0.015317303730788545	1033.9006167341722	7517.338683799608	0.07576942943857363	565273.6865252227	578218.7035043462
35.0	2.0	2.0	1.0	-0.64	-0.64	0.0	0.20478174919026418	-0.20017455495441272	-0.0103128557259623	-0.6133741693636241	-0.6004589263160938	-0.030755458915126543	17.024336731992662	12867.596433789004	0.0761016340975665	578452.5051491655	597136.6359467065
36.0	2.0	2.0	1.0	-0.35	0.35	0.0	0.1009437846405674	0.11677022304536189	0.0013732127870518251	-0.3024752919124072	0.349760391485357	0.004348523689605921	16.90837110800203	21587.16639826889	0.0745926652487193	597375.563053196	624690.3287588793
37.0	2.0	2.0	1.0	0.0	0.7	0.0	0.0011519792874060517	0.2195558517214664	-0.0006268024719652265	-0.004362277522242169	0.6580201696929533	-0.0013768596933046995	16.443414613604546	9299.889285655809	0.07456363577518614	624945.6256162957	639625.2166150225
38.0	2.0	2.0	1.0	-0.64	0.64	0.0	0.2013681017839679	0.20244722862632536	0.007172152285038869	-0.6026153187675785	0.6091543651990241	0.0227982146944391	8516.639972687699	14757.392990708468	0.07333963513525156	639880.139683868	660175.5548116198
39.0	2.0	2.0	1.0	-0.07	0.07	0.0	0.010994790231113619	0.01461717089804615	0.0014525368123927684	-0.033049109240485416	0.04326886576983757	0.004586495765628751	9767.028712798492	9901.16410520568	0.07242381946376614	660431.0438510438	674809.6756171581
40.0	2.0	2.0	1.0	0.0	0.1	0.0	0.006592768635803412	0.02159937965907699	0.0025347676813872733	-0.020199106463849797	0.06366521440220074	0.006093659876388879	8908.45826988516	9275.694772659335	0.07300031011428837	675071.9676083827	688827.2334686917
41.0	2.0	2.0	1.0	-0.35	0.35	0.0	0.10400825929796052	0.1066447258406732	0.004522377355609342	-0.3128340097331885	0.3195781155127244	0.01329246967268749	16.716918427846394	9751.373353865347	0.07211560014645796	689078.848599951	704578.1721338135
42.0	2.0	2.0	1.0	-0.35	-0.35	0.0	0.10786011114012048	-0.10404268402039751	0.0012306858930293263	-0.32228556247747	-0.3119985749669034	0.0018609750514844148	26.608275424223393	8028.036330055329	0.07270463612109838	704833.5138458497	718395.6014020805
43.0	2.0	2.0	1.0	-0.35	-0.35	0.0	0.11117939132419566	-0.10213986166832734	0.001507835507742472	-0.3330202655954305	-0.3069374933821385	0.0020515449759626048	16.291346488287672	7085.326264539617	0.07264250547589085	718651.0058376589	731030.0391073979
44.0	2.0	2.0	1.0	-0.0	-0.7	0.0	0.010271746977571678	-0.2217209838767938	0.005740283817813885	-0.030879979479859595	-0.665357167271815	0.0195554818036362	16.66513504460454	6767.700073527521	0.07195386626228001	731286.4715526812	743697.3716647044
45.0	2.0	2.0	1.0	-0.0	-0.9	0.0	0.007580829921839497	-0.28717260993352284	0.010291882200367142	-0.021706673011205355	-0.8618415225362913	0.03119608606093205	16.62137442326639	8034.018770384137	0.07086352273401615	743952.7761002828	758097.9956910305
46.0	2.0	2.0	1.0	-0.49	0.49	0.0	0.1548932536824526	0.15370199967645237	0.011134790569943265	-0.4645502839530687	0.46065282919934536	0.03349592584120997	16.393819241784513	10434.33829578862	0.07264474365863438	758355.8576496434	774215.05970406
47.0	2.0	2.0	1.0	0.64	-0.64	0.0	-0.1973495535777898	-0.21955687135357238	-0.010234401464843224	0.5933434316762608	-0.6586706140607171	-0.03189340810247199	16.59694142290391	20235.00797901943	0.07249439530463091	774471.4549528144	800666.4996469917
48.0	2.0	2.0	1.0	-0.0	-0.9	0.0	0.008083433027475249	-0.28712645674428994	0.009858388647311367	-0.023246851601684892	-0.861282262412153	0.028476516365371962	16.435391822597012	13268.04286497645	0.07146304580512748	800916.9066206814	819917.5670412515
49.0	2.0	2.0	1.0	0.0	0.7	0.0	0.0005793938123069449	0.21850915349635747	0.008467284657071361	-0.0020295048990714402	0.6534881962540183	0.025447631036904172	16.512337562744506	12201.37393733603	0.07113022503834253	820174.0352243651	837885.4646209948
50.0	2.0	2.0	1.0	0.64	0.64	0.0	-0.20949878316110118	0.19962974771092645	0.007688761730387794	0.6285610880304481	0.5992776744156467	0.02274584573133276	16.768701825640164	8651.339147647377	0.0709430216721346	838141.7285879288	852486.0316126578
51.0	2.0	2.0	1.0	0.35	-0.35	0.0	-0.10282667830987274	-0.11072628083784841	-0.0033570534828670784	0.3087066198446243	-0.3319522575985392	-0.009613389791700344	16.509784865775146	7951.078188532847	0.07133587339433572	852742.8546214069	866887.082669622
52.0	2.0	2.0	1.0	-0.1	0.0	0.0	0.019700883999904543	-0.006577592841372382	-0.0025337453269118626	-0.0587465899904183	-0.019311977967677252	-0.007830121309186033	16.294993212795816	10434.158512609429	0.07132170844124373	867142.6920507365	882454.4422855834
53.0	2.0	2.0	1.0	0.49	-0.49	0.0	-0.14865340723640805	-0.15887546198416302	-0.01356955062180154	0.4461868066242301	-0.4768529708674948	-0.03965577935453257	17.26939616492018	8067.9215751442825	0.07094316652982642	882710.896246499	896322.0343433204
54.0	2.0	2.0	1.0	0.1	0.0	0.0	-0.020847889208938753	-0.0075638306583309944	-0.005680827038987868	0.06144311232535857	-0.02197936795640265	-0.016081162737471733	17.050957772880793	8834.037879176321	0.07099369114956877	896578.6669934023	910223.3979239973
55.0	2.0	2.0	1.0	0.0	0.9	0.0	-0.0038621884301876745	0.2880482041785426	-0.004124620431824155	0.012331058582725552	0.8626879952248749	-0.013792950331865228	16.51780765678268	19818.456183958915	0.06944916316822902	910479.6210476779	936024.2149346159
56.0	2.0	2.0	1.0	0.9	0.0	0.0	-0.2874388202342689	0.004775293268390324	-0.025261852445245148	0.8623488299763793	0.013840340701587017	-0.07482423895624357	16.665864386595786	15568.479887617286	0.0703167478463329	936281.1626611074	957692.4963678612
57.0	2.0	2.0	1.0	-0.5	0.0	0.0	0.1557159619293236	0.00882328132888266	-0.00720446326390034	-0.46721262433511535	0.027117229458093917	-0.023536026550684763	16.433568467618898	9601.448767993134	0.06949467667497997	957949.0043002006	973176.2214316113
58.0	2.0	2.0	1.0	-0.0	-0.5	0.0	0.010089405464659973	-0.15416823590322148	-0.0017623178454182487	-0.03098034041257025	-0.46237523061537533	-0.006385603112816884	16.690662057953887	8984.633096435573	0.07004540827281705	973434.0294188005	987843.7297607161
59.0	2.0	2.0	1.0	0.07	-0.07	0.0	-0.010184954165366867	-0.015018938321618158	-0.003984359502555712	0.028612706081763785	-0.04382678256910766	-0.011357976653695978	16.42736906069331	14985.230064121424	0.07045740944449477	988100.9152531915	1007978.1083892012
60.0	2.0	2.0	1.0	-0.64	-0.64	0.0	0.20825365589411152	-0.1984714564151666	-0.013752391851675094	-0.6257644151630755	-0.5960941239905176	-0.0407536278324343	17.189168371260166	12668.486378781381	0.07043680057256622	1008235.3854142857	1026862.5635987555
61.0	2.0	2.0	1.0	0.3	0.0	0.0	-0.0866060145222448	-0.007726799161010933	-0.014939215686263774	0.25936487373672246	-0.02227405782300862	-0.045092309452931856	16.602046831394546	12916.934335735277	0.07126991020252103	1027120.189979396	1045330.0221136888
62.0	2.0	2.0	1.0	0.21	-0.21	0.0	-0.05358264424912763	-0.06802894314685537	-0.003720988784613244	0.1615895338602625	-0.20318048978054226	-0.011666514076430712	16.662217676639557	18252.426890612696	0.0701925373332135	1045587.6382835268	1069114.5156867132
63.0	2.0	2.0	1.0	-0.49	-0.49	0.0	0.163091716318446	-0.1478368113873597	-0.013383863584331523	-0.4883040707481694	-0.4432514799735009	-0.04175378805214769	16.275665591820143	8717.396520733018	0.06961421624541721	1069372.9498153261	1084248.9993406634
64.0	2.0	2.0	1.0	0.35	0.35	0.0	-0.11246015176650959	0.10113107865233972	-0.002161806668186106	0.3378012558559685	0.30303717394772434	-0.005020553902475466	16.18814437824767	9850.653054207214	0.07019234767629641	1084507.2861418885	1099949.8485153452
65.0	2.0	2.0	1.0	0.0	0.7	0.0	0.0033934975334973705	0.22033969526053376	0.0004638437476327528	-0.010698400977648763	0.6614075170644687	0.002535957885150486	16.6290325432783	12451.105174259283	0.06991292709175763	1100207.860354043	1118300.8852042402
66.0	2.0	2.0	1.0	0.0	0.5	0.0	0.0008716020346016804	0.15384194823073805	-0.00810473029677694	-0.003456407216684328	0.46081372067362414	-0.023535980773599308	16.9295220694039	11501.31354770565	0.06947700397188186	1118558.5757671215	1135301.7801087555
67.0	2.0	2.0	1.0	0.49	0.49	0.0	-0.15212960286900393	0.15450989898066014	-0.008278706034929861	0.456421177880584	0.46382102040413087	-0.023783245593917535	16.507232168805785	9617.710940729012	0.07033470800582968	1135559.7514688852	1150585.9830383852
68.0	2.0	2.0	1.0	0.35	-0.35	0.0	-0.10611869817072125	-0.10354753124256788	-0.004030647745461469	0.31832372523859154	-0.31067496300127584	-0.014060357061058237	16.60387018637266	14534.817036881577	0.07057912231546666	1150844.2829677807	1170803.7205272266
69.0	2.0	2.0	1.0	-0.07	-0.07	0.0	0.01307271416857068	-0.0120022838710514	-0.0005851987487321963	-0.03850601848712171	-0.035618420330286504	-0.0015724879834362326	16.340212503564544	12984.605381381698	0.06943478618479174	1171046.053668004	1188838.1141801802
70.0	2.0	2.0	1.0	-0.0	-0.1	0.0	-0.0018275907654070587	-0.017438838239487997	-0.0022584496833348844	0.006194896314811508	-0.051539652152729265	-0.006363355458793851	16.21731811610516	7767.779207293643	0.07025044046372832	1189074.465609985	1201838.786634922
71.0	2.0	2.0	1.0	0.07	0.07	0.0	-0.011108012555190994	0.013980062670954863	-0.002094583047190346	0.033065083476994744	0.04116332544712986	-0.005780201418980058	16.137455007992685	10300.757204458932	0.06940842348607099	1202097.4038287532	1216873.0063394469
72.0	2.0	2.0	1.0	0.49	-0.49	0.0	-0.1503612586639921	-0.15793439548847987	-0.01468973830774134	0.45050112906767525	-0.47192576859824686	-0.042375463492690724	17.243504466023296	11184.756209637271	0.06986961758821478	1217108.2214520285	1233890.897136298
73.0	2.0	2.0	1.0	0.21	0.21	0.0	-0.05659857039104129	0.06615904034601516	-0.008130937666869453	0.1687922636923831	0.19663207244442527	-0.024484367131988538	26.2895523046609	8111.387167635257	0.06907559892126983	1234152.6563420775	1247407.9393419526
74.0	2.0	2.0	1.0	0.0	0.9	0.0	-0.00044719230415919063	0.2852570179030409	-0.00032901503010362987	0.0016976389217730709	0.8559329000769844	0.0004778210117719617	16.537135263206437	8484.67612771492	0.06876794643499652	1247667.0692642946	1261908.7222922388
75.0	2.0	2.0	1.0	0.0	0.1	0.0	0.0010558641244119444	0.01789560105886845	-0.0015671625848439064	-0.0035883929296753932	0.053136525525876666	-0.004793041885911897	16.743904139730148	8151.169210614171	0.06871291188136533	1262168.090345236	1274793.0232456275
76.0	2.0	2.0	1.0	-0.9	0.0	0.0	0.2857342111289206	0.0028363845711686375	-0.010880659189722808	-0.856652355736033	0.007052536402753384	-0.031177111467085572	24.967617137008347	9751.090368576115	0.06850429786809027	1275055.225162927	1290677.859901858
77.0	2.0	2.0	1.0	0.21	0.21	0.0	-0.061924702377566705	0.05714540071413643	-0.007484084840134075	0.18519146020839908	0.17182463342527698	-0.02272691691454276	16.49665668082889	10867.984809228801	0.06895795845696885	1290936.2936657853	1307028.5045686034
78.0	2.0	2.0	1.0	0.5	0.0	0.0	-0.1517398714203147	0.004420822748379294	-0.012574456397307365	0.4551548757137997	0.012356128585114035	-0.038272693980203165	16.29098181729205	15518.546841369243	0.07063180878066924	1307289.0282664304	1328779.1992683196
79.0	2.0	2.0	1.0	0.3	0.0	0.0	-0.0835495782344555	-0.0028104675727899098	-0.011004158083439464	0.2503897805147882	-0.009920389302694788	-0.03264625772479768	26.502885288209654	9328.494139001123	0.07161077010236716	1329039.3451661947	1343579.9291223958
80.0	2.0	2.0	1.0	0.0	0.5	0.0	-0.001889470026719509	0.14960962794700827	-0.007689196612479687	0.005474194438724679	0.4485699296524466	-0.022792927443298527	16.777818629634567	12752.634388845763	0.06903016901428016	1343839.39928349	1362164.3396961153
81.0	2.0	2.0	1.0	0.0	0.3	0.0	0.004338480711287663	0.08553814139733662	-0.006191294727986962	-0.013339134869585625	0.2560965158148534	-0.017200572213258214	22.73619059997145	8284.221163208713	0.06894622122746134	1362423.5724558965	1375731.7485427628
82.0	2.0	2.0	1.0	0.1	0.0	0.0	-0.018152839675947222	-0.00301087114035814	-0.0027715495536519974	0.0541348262921187	-0.008061535213905846	-0.010328839551319913	16.714730401872657	6417.89451650402	0.07072102242610612	1375991.8594321497	1387415.9489926242
83.0	2.0	2.0	1.0	0.0	0.5	0.0	-0.0004953631781137897	0.154657481288631	-0.0018317387655275574	0.002877968297949337	0.4618037025365498	-0.005724101625033118	16.44961403508205	7067.598475958221	0.06926059036681186	1387675.617535162	1399766.4623775345
84.0	2.0	2.0	1.0	-0.35	-0.35	0.0	0.10882255214612399	-0.10220380177340249	-0.0017544747081459366	-0.3268237184476671	-0.30664377459377967	-0.0054923094528882554	1166.143362686853	11851.241269760067	0.07009211814990363	1400010.1287582947	1417300.9038025048
85.0	2.0	2.0	1.0	-0.35	-0.35	0.0	0.10636706760684088	-0.10656154220246683	-0.0010790798809585667	-0.3192954184619564	-0.3197493651545452	-0.0014061570152721359	16.334013067535125	7417.543337593088	0.06941630247286328	1417560.8075583295	1430418.3251938522
86.0	2.0	2.0	1.0	-0.5	0.0	0.0	0.15084413809226396	0.0012878547081013325	-0.00554082551305668	-0.45230582936178587	0.0031838093792858624	-0.01602737468519888	17.113681315095164	8084.522892633686	0.0695263680585286	1430678.2471832703	1444002.142446625
87.0	2.0	2.0	1.0	-0.0	-0.3	0.0	0.002427290902001329	-0.08364561786914737	-0.000289814602864924	-0.006310794498835579	-0.25048368377743	-0.00027434195462361366	16.831060696858913	8684.359446750022	0.07017275299806035	1444261.6789779859	1457969.4536341703
88.0	2.0	2.0	1.0	-0.64	0.64	0.0	0.2031643051437673	0.20161648200984128	0.0043845807583990926	-0.6095900232520186	0.6061118476988429	0.012192423895705407	17.05496916838456	13868.356409759144	0.06941681161527655	1458230.3011605255	1478037.2256938862
89.0	2.0	2.0	1.0	-0.49	0.49	0.0	0.149479568205793	0.15727843755441318	0.008988433661436535	-0.4472410414952044	0.47134977355965524	0.02710263218137987	10033.306566430838	12534.072741807904	0.06943366161800463	1478297.1082987497	1496288.2354700123
90.0	2.0	2.0	1.0	0.5	0.0	0.0	-0.15261309731347425	-0.00810833039373493	-0.022303395132331594	0.4578392919404227	-0.023807082804048307	-0.06645241474009389	13933.948826335836	23852.547159360256	0.10575617684201868	1496532.2501123156	1525923.3354192548
91.0	2.0	2.0	1.0	0.64	0.64	0.0	-0.19936837661658288	0.20905898184107097	-0.011917051956934377	0.5975548521990199	0.6261087594953277	-0.03616314946201393	10083.38402271329	13617.472810074105	0.06850930657154632	1526183.8623991208	1545291.8048772553
92.0	2.0	2.0	1.0	0.21	-0.21	0.0	-0.054810448559876906	-0.06671239307773413	-0.007285969329325015	0.1635573752931789	-0.2005579797896423	-0.02103392080555344	9200.560354627669	11052.01276934531	0.06931390049296769	1545551.6856587636	1561808.7150717329
93.0	2.0	2.0	1.0	0.0	0.5	0.0	-0.0019822133903830016	0.15090087603395663	-0.0011499046310774474	0.006173225086155049	0.4534471213940324	-0.003678599221682788	7833.808500639861	10385.206068720436	0.06889087918671015	1562069.3463477364	1577960.142105294
94.0	2.0	2.0	1.0	0.07	0.07	0.0	-0.011139707468897217	0.013178842226856613	-0.0026890440222422374	0.03383992296313121	0.03943941885985258	-0.007700915541205999	7833.563441221486	8034.326188688283	0.0685150309453754	1578220.3704189886	1590726.8976789345
95.0	2.0	2.0	1.0	-0.49	0.49	0.0	0.15026451230016302	0.15569115627600894	0.011174380102275228	-0.44891611903329665	0.4664260833565812	0.03320270084699506	8033.3700193150435	15784.42282670585	0.06836955122432277	1590988.4986171527	1612377.981921032
96.0	2.0	2.0	1.0	-0.0	-0.7	0.0	0.013651325723433014	-0.22501775123110945	-0.009625429159960674	-0.041051084991015965	-0.6754740542497683	-0.02704520485227846	9634.058081996045	13018.376539635938	0.06924911793277101	1612639.2969565932	1631145.9226779116
97.0	2.0	2.0	1.0	-0.21	-0.21	0.0	0.06674955839867223	-0.05442478484990132	0.0001219195849853083	-0.2000220902810108	-0.16207669142752934	-0.0019230945295485302	9465.769720001845	11401.176504063187	0.06866463964721504	1631405.5401663936	1648213.3829432714
98.0	2.0	2.0	1.0	0.0	0.1	0.0	0.0024019457607942474	0.019392566669128586	-0.0002600518806472607	-0.007400052923816423	0.05746557598879576	-0.0010090409703922276	8433.75919702521	8534.42282670585	0.06817066126471723	1648474.1622760193	1661480.9170911321
99.0	2.0	2.0	1.0	-0.0	-0.5	0.0	0.005257180038937221	-0.15496628955338798	-0.0022481956206277243	-0.015998125031817707	-0.4647370222923023	-0.006790363927573262	9634.259016136639	11301.464667674736	0.06868598886690062	1661742.501619141	1678564.9640871123
100.0	2.0	2.0	1.0	-0.0	-0.1	0.0	-0.002574587281392622	-0.017541265410829676	-2.3987182395046602e-05	0.006331883080569731	-0.05356250516608474	0.0004315861754058403	16.33510709507391	7067.254225825309	0.06804064394344053	1678826.6653100871	1690782.5473198027
101.0	2.0	2.0	1.0	0.7	0.0	0.0	-0.21800570339472305	0.0048649993152138915	-0.027842191195527555	0.6535639403541571	0.015048167775653765	-0.08554076447694658	8883.623757923488	13884.776485385373	0.07122547350733366	1691044.9786156388	1710683.6435960722
102.0	2.0	2.0	1.0	0.1	0.0	0.0	-0.019236260841927342	0.001116944943640008	-0.0015603036545144278	0.05757930543149274	0.003415573378064418	-0.00436047150371266	17.10383518366143	5968.275379695115	0.06847506203412189	1710945.3998844693	1721667.572876002
103.0	2.0	2.0	1.0	0.5	0.0	0.0	-0.1516427312303243	-0.0010674307448393927	-0.017838353551507757	0.45402185403094886	-0.002036998385916089	-0.05346928358883318	26.75961420754902	6844.765428540995	0.06900663854531999	1721928.9856435936	1734084.8686014651
104.0	2.0	2.0	1.0	-0.0	-0.1	0.0	-0.004215515235865984	-0.017937346632022733	0.00032332341499063944	0.012549437886881195	-0.05365019352820688	0.0004206454566908491	16.729681941797026	4701.6375950333895	0.06783096756400102	1734347.6587343174	1743885.3606895427
105.0	2.0	2.0	1.0	0.64	-0.64	0.0	-0.20647822281818795	-0.20129922536468992	-0.010624399175993116	0.6190138678981241	-0.6029589671604737	-0.03063721675434694	16.0718140687095	18435.02570205601	0.06778042631233089	1744147.263576	1767719.993348379
106.0	2.0	2.0	1.0	-0.64	0.64	0.0	0.20232756481680272	0.20254469790391805	0.02570883497370513	-0.6071769100918418	0.6074398780703206	0.07616518654162352	16.65930029412266	16451.502666488523	0.06778233491471942	1767982.1733853752	1790171.8067152104
107.0	2.0	2.0	1.0	0.9	0.0	0.0	-0.28387152128120396	-0.0037639800541773294	-0.0440275501640095	0.8502226850800038	-0.010029538493212975	-0.1329066376744501	2883.5730685532326	18584.83395766234	0.06758250831984217	1790433.8489062646	1814989.7173501959
108.0	2.0	2.0	1.0	0.21	0.21	0.0	-0.05804281184953165	0.05913241554675441	-0.006859510185370232	0.1753584679443418	0.17810937065885357	-0.020120759899209806	16.4674829429714	8784.423556047841	0.0678175765123986	1815249.666689997	1829190.395493817
109.0	2.0	2.0	1.0	-0.21	-0.21	0.0	0.06635230109387741	-0.05386430008824539	0.0022047913329109603	-0.19963955020593327	-0.16243450137761528	0.0068890363928734155	16.61918639729265	8251.118448315538	0.06827897179317405	1829453.4015123644	1842757.4688424356
110.0	2.0	2.0	1.0	0.49	-0.49	0.0	-0.15362658466390136	-0.15989762429991827	-0.004578431372507019	0.46058843052955356	-0.4801784120033391	-0.01414728770873186	16.150947849382646	10450.797026613145	0.06748432524445326	1843023.0162585212	1859141.8255906175
111.0	2.0	2.0	1.0	-0.9	0.0	0.0	0.28821787312084834	0.003749392301538479	-0.012560181582330632	-0.8643299266268221	0.011312915451760164	-0.037222774090091004	16.118127401568927	8767.844848203822	0.06688733770682403	1859404.3174219695	1873975.8992076386
112.0	2.0	2.0	1.0	-0.3	0.0	0.0	0.08658260614257245	0.009399184654512505	-0.0019298619058263355	-0.2601362497105847	0.027744384133525424	-0.006796681162660967	16.72639990283642	8400.1773034106	0.06723572299795248	1874238.3414436337	1887693.9098356233
113.0	2.0	2.0	1.0	-0.35	0.35	0.0	0.10539990068689552	0.10660847225425418	0.00041654840927851655	-0.31590837859853593	0.3186924921877323	0.0005629892424842131	15.639313365682028	17400.872367798	0.06716866321617235	1887956.110294239	1910661.3384474767
114.0	2.0	2.0	1.0	-0.21	0.21	0.0	0.057669011478318155	0.06040231609778368	0.001409452964101665	-0.173395465717822	0.18101273265191753	0.003175486381432946	7883.607347699581	9367.884159830282	0.06753040604418904	1910924.0684094983	1925345.534156615
115.0	2.0	2.0	1.0	0.64	-0.64	0.0	-0.20449583139680078	-0.19921983402016874	0.0012032425421970583	0.6138759254732697	-0.5985658417205301	0.0025110780500290364	14150.256072520278	22384.841032282566	0.06838755380078408	1925609.21262989	1954047.2045720962
116.0	2.0	2.0	1.0	0.35	-0.35	0.0	-0.10252724094981375	-0.10969377653920931	-0.004342481116912267	0.3086499088773266	-0.3281426206840319	-0.012890112153666533	16.141101717948914	13450.997596082743	0.06859826839326343	1954312.6039314521	1973114.5634587156
117.0	2.0	2.0	1.0	0.7	0.0	0.0	-0.21829478798211838	0.00030436827939261946	-0.0208930952925519	0.6546901483049214	0.0010425819324673125	-0.06327438773162686	16.655288898618892	27469.01785141381	0.06733064619449129	1973378.1908779494	2006316.5562440553
118.0	2.0	2.0	1.0	0.64	0.64	0.0	-0.20752479696108508	0.19941496679100257	-0.006034775310872376	0.6215709434025145	0.597694622722279	-0.01746344701295588	17.10748189361766	17201.52308809338	0.0670167520054372	2006577.2130470723	2029967.954103864
119.0	2.0	2.0	1.0	-0.0	-0.7	0.0	-0.00422417941142571	-0.21909530169708286	0.007280468452008804	0.012381214772126524	-0.6573830129119655	0.023123163195348906	16.204189931158908	14834.267987069325	0.06757349207191769	2030231.0512903496	2050885.748335626
120.0	2.0	2.0	1.0	0.0	0.3	0.0	-0.002575315590048228	0.08465853875727891	-0.0018206301975678407	0.007272776940132594	0.2541050933661255	-0.006331654840815215	16.389078518841416	10867.834929129458	0.06782903721217695	2051149.1438236262	2067102.3440371791
121.0	2.0	2.0	1.0	0.07	-0.07	0.0	-0.013273495377661329	-0.0126753112020489	0.00031256580457317273	0.039788116859411624	-0.0380583028797189	0.0009376974137195182	16.62793853029143	7401.534247052041	0.0923133841634622	2067350.3726216005	2081220.666897134
122.0	2.0	2.0	1.0	-0.49	-0.49	0.0	0.15605589864550046	-0.1482841007993465	-0.0014349431600959583	-0.4674879411914833	-0.44546731859591293	-0.0035723964292464494	16.735516706830822	7901.6024406737415	0.0677560429511544	2081484.2297694557	2095404.866617653
123.0	2.0	2.0	1.0	-0.35	0.35	0.0	0.10174518311566957	0.10993791099535988	-0.000935637445602322	-0.30494422588485814	0.33049348773109777	-0.004317555504579906	16.50103274732828	14818.189244222594	0.06653802936549656	2095669.0815230976	2115922.454372267
124.0	2.0	2.0	1.0	-0.21	-0.21	0.0	0.059341542633555816	-0.0605211005420504	0.0021864805066431625	-0.17854253627782393	-0.18182225581472944	0.007566536965111448	16.532394525711425	7500.638540266664	0.0674785591247016	2116186.4530273597	2128740.0966088315
125.0	2.0	2.0	1.0	-0.49	0.49	0.0	0.14992967913945207	0.1566985366234841	0.0020407415885110858	-0.44965956032406706	0.46970717858758493	0.007175097276405307	16.471494338475168	12101.191674402799	0.06723478773430604	2129003.871720139	2147341.526413904
126.0	2.0	2.0	1.0	-0.0	-0.5	0.0	0.0053040021931593205	-0.15279412247593294	-0.0007066910810614724	-0.015232251834459993	-0.456602057381323	-0.0017538567176637043	16.74864487722516	9318.365745362826	0.06758272944455623	2147605.1180952927	2162875.281891276
127.0	2.0	2.0	1.0	-0.0	-0.9	0.0	0.006280923054207643	-0.2900630242171751	0.00839717708098009	-0.017936429502598914	-0.869476948632935	0.027434607461754634	16.825955302920192	9901.146600968787	0.06646667640587263	2163138.417368289	2179509.765180555
128.0	2.0	2.0	1.0	0.1	0.0	0.0	-0.023868406392820975	-0.012774021301811378	0.0007564278630100008	0.07260866665920386	-0.03939024993331963	0.003505264362662408	16.451437390060164	11457.356742335833	0.06630526010501968	2179775.245497032	2196343.629475974
129.0	2.0	2.0	1.0	0.07	0.07	0.0	-0.017852700981627438	0.009802451854433847	-0.000838445105626695	0.05459391969919545	0.03057264941190363	-0.0018286793315287486	22.05972447700333	8883.831256156554	0.06785529300917614	2196608.4428077885	2210076.969446338
130.0	2.0	2.0	1.0	0.21	0.21	0.0	-0.059458330972605763	0.05768753749255329	-0.0008076829174730182	0.17837499291781728	0.17235048845906953	-0.0033385900662208368	16.24029243248515	9950.838234522962	0.06770249183034475	2210328.5408169758	2225328.136031312
131.0	2.0	2.0	1.0	0.0	0.3	0.0	0.007885651371069318	0.08645753126948219	-0.004687396047855841	-0.023721692660352515	0.2595020709027357	-0.013970634012187344	16.262902092421427	7534.174485233962	0.06613950951208808	2225576.501572461	2238096.1026798906
132.0	2.0	2.0	1.0	0.21	-0.21	0.0	-0.059930086160527106	-0.058495631012418836	0.0032076447700289945	0.17923998083085246	-0.17610190923512992	0.010538475623888766	16.784382722107694	8467.870958716958	0.06732501142571277	2238360.830678517	2253296.520812539
133.0	2.0	2.0	1.0	0.35	-0.35	0.0	-0.10545007845581247	-0.10744712236837561	0.0044986800946537064	0.31647971246172657	-0.3222766285579818	0.014320027466382723	16.34531791205518	5884.116064815316	0.0659829422332143	2253561.8352033636	2265913.9684602562
134.0	2.0	2.0	1.0	0.0	0.3	0.0	0.0007305691096469811	0.08547173043771872	0.0007483634699512187	-0.0014795833103507777	0.2566741455017344	0.0011464408332915177	16.666958399582654	7835.131529805949	0.06669184358887537	2266181.8140378166	2279198.2519823504
135.0	2.0	2.0	1.0	-0.9	0.0	0.0	0.2844953041573358	-0.0030960886479208805	-0.00885976195920013	-0.8534211739248629	-0.00870561901946143	-0.02703705653450128	16.398559979279526	9584.1760897747	0.06735002558265794	2279463.3329832433	2294598.9824928255
136.0	2.0	2.0	1.0	-0.1	0.0	0.0	0.01973762312540868	-0.007943360390975984	0.0007103913939637829	-0.05869496099906939	-0.024024296814361468	0.00409958800656518	16.44706133811269	3634.145967895165	0.06804674952319854	2294847.458529519	2303249.7764561996
137.0	2.0	2.0	1.0	0.49	0.49	0.0	-0.1524536246923416	0.15060504784789552	-0.0028828259708122417	0.4572313969827355	0.451556189355108	-0.009243579766407883	15.986480881110765	8717.331244479283	0.06797618982245367	2303514.338529174	2317867.050155488
138.0	2.0	2.0	1.0	-0.07	-0.07	0.0	0.009679076368220754	-0.01686359848396135	0.0031025482567054175	-0.02926381401966814	-0.05282427532837197	0.010772510872199104	16.538229276193306	4784.299567647395	0.06686823141694907	2318132.262073545	2327684.3776803287
139.0	2.0	2.0	1.0	-0.64	-0.64	0.0	0.20804971328596908	-0.1991981304222329	-3.7788967683138885e-05	-0.6244080940464856	-0.5977238683609878	-0.0022191119247935154	16.173192838323303	6183.6341146117775	0.06757243366067742	2327950.478303479	2340265.922663326
140.0	2.0	2.0	1.0	-0.1	0.0	0.0	0.017540040773312875	-0.0003174940198352738	0.0007330357824482103	-0.05333224633852879	-0.0018588217195300016	0.0023364385444148983	16.7967815650627	9602.544606663287	0.06680675200945554	2340503.051573338	2354949.968127679
141.0	2.0	2.0	1.0	0.1	0.0	0.0	-0.02031128218141554	-0.007851118751049158	-0.000384283207410685	0.05980092196921673	-0.024427326639599456	-0.0012901808193023223	16.65237153065391	7684.061145235319	0.06744957509223133	2355193.538599764	2367817.4810516504
142.0	2.0	2.0	1.0	-0.1	0.0	0.0	0.019200276999471973	-0.007183572617047274	0.0030279774166787066	-0.0574713539041268	-0.021421240756852367	0.008946601052965852	16.690297386958264	9584.1848419077	0.06661183448972283	2368061.885163392	2382501.547666965
143.0	2.0	2.0	1.0	-0.35	-0.35	0.0	0.11181187074516108	-0.10158419453356005	-0.001435973144082947	-0.33527376586762175	-0.30601498526999915	-0.0036670405125875938	15.826754664885812	5132.850289111957	0.06739686474379192	2382729.9871781287	2393068.818303014
144.0	2.0	2.0	1.0	0.0	0.7	0.0	0.0015703251739328321	0.2166644825442524	0.0045388876173478865	-0.0029954040224675596	0.6485368303220047	0.014349095903085085	16.71582442941144	10420.279834535904	0.06724296624167904	2393297.1345551196	2409155.132463362
145.0	2.0	2.0	1.0	0.7	0.0	0.0	-0.2209123724485725	0.010866634882157222	-0.015104699778688446	0.6626400095250006	0.033344397938634196	-0.04627541771555721	16.638149332720786	18184.961155158817	0.06722092354011436	2409421.241838645	2433840.7901416067
146.0	2.0	2.0	1.0	0.49	0.49	0.0	-0.1546889981713331	0.15233251505526613	-0.012082757305202918	0.46458490289115617	0.4560912055057742	-0.03702648203234027	16.573237764532678	8418.231108546024	0.06836053574925387	2434106.5527140307	2448007.7463576454
147.0	2.0	2.0	1.0	-0.49	-0.49	0.0	0.15092556299993493	-0.15675163302191075	0.009992629892488614	-0.4521940420755036	-0.4694132979528528	0.030893430991267623	16.2056486151414	5883.992441085866	0.06770890295107675	2448274.0428095423	2459424.7452402925
148.0	2.0	2.0	1.0	0.35	0.35	0.0	-0.10890457049047794	0.10237044418862262	-0.009267620355464135	0.32703740420715677	0.3078881951316026	-0.027619752803632047	26.685950506362133	7944.961184330168	0.06647035330582458	2459691.018717873	2473192.40775262
149.0	2.0	2.0	1.0	0.9	0.0	0.0	-0.2862349368166898	-0.007493432883200701	-0.04481033798726275	0.8575395166014674	-0.022933468479614194	-0.13411057450195762	16.660758992657065	12418.013399510528	0.11974539536774176	2473458.606837157	2492226.7189897685
150.0	2.0	2.0	1.0	-0.64	0.64	0.0	0.20090322506668026	0.2040097905694701	0.011471847104681632	-0.6031952143036252	0.6126443879062841	0.03363733119731338	16.77125453716144	11251.461239764467	0.0659852273102121	2492493.2477375697	2510027.7737663854
151.0	2.0	2.0	1.0	-0.7	0.0	0.0	0.21903391876462489	0.003628520039143379	-0.008467307545514169	-0.657134125567447	0.011500576315303546	-0.025859693293443398	16.172463496332057	19151.153529732255	0.06804659392659418	2510293.8878823915	2535595.6326179877
152.0	2.0	2.0	1.0	0.5	0.0	0.0	-0.15051129564187876	-0.005206090535489705	-0.016677996490344627	0.45172810256706997	-0.01587722579504769	-0.04943888761706272	16.104269874631427	11550.924588809721	0.06752816967493425	2535862.28571886	2552880.1320257625
153.0	2.0	2.0	1.0	-0.7	0.0	0.0	0.22060389327142782	0.0045636575628867915	-0.01480846875707531	-0.6613261407106991	0.013917557603666086	-0.04515783932226736	15.937979551381432	9867.824718327029	0.06850940288748844	2553146.490107174	2568130.9798876173
154.0	2.0	2.0	1.0	-0.21	0.21	0.0	0.05576745152791979	0.06440151287324858	0.0007019836729312834	-0.16574862945228974	0.1930103229783119	0.0018312886246533155	16.627573859295808	8451.669686153764	0.0680195666845223	2568398.126754066	2582065.0917222374
155.0	2.0	2.0	1.0	0.21	-0.21	0.0	-0.0560370821818987	-0.06108739019344267	0.0013115739681852645	0.16892047838500318	-0.18342401694818933	0.005170702678188199	16.444508626591414	11034.553379184217	0.0675540209223088	2582332.3220985187	2598482.5519146686
156.0	2.0	2.0	1.0	0.07	0.07	0.0	-0.013168921044507053	0.012416227536366065	0.001532333867477531	0.03863279274706951	0.03773422171268248	0.004642778668122682	16.760314363637008	5601.041429617908	0.06675476168762978	2598745.9944453146	2608816.524882277
157.0	2.0	2.0	1.0	-0.49	-0.49	0.0	0.15785787992063283	-0.14959434964988527	-0.00839830624848148	-0.47221413027186265	-0.4483298791196437	-0.024874479285613815	16.582354553975165	6500.8930811454775	0.06717160791708801	2609086.776564145	2620965.9075659146
158.0	2.0	2.0	1.0	-0.0	-0.9	0.0	0.0008067933540309457	-0.2860338049404732	0.004354207675365651	-0.0020643180527977543	-0.8580690455478472	0.010956878004352855	16.104999216622673	8501.082710485207	0.06834338812373801	2621217.564634411	2635551.3702176833
159.0	2.0	2.0	1.0	-0.21	-0.21	0.0	0.06558224686535062	-0.05483546461347433	0.0038920195316352046	-0.195290123285299	-0.16453876311399518	0.014285351339240693	16.848200277308933	4867.701094597578	0.06771145078542064	2635818.379967546	2645635.7020223225
160.0	2.0	2.0	1.0	0.9	0.0	0.0	-0.2847292315025646	-0.0022137723837666323	-0.0382824292361984	0.8540582174134046	-0.007547656811323411	-0.11420640878893396	16.6428900702158	12601.00313910516	0.06809841127866093	2645902.3354309173	2664586.263106292
161.0	2.0	2.0	1.0	-0.3	0.0	0.0	0.08544268980445097	0.0002371588776988176	0.004388471809052885	-0.25648991578121455	0.0007438459066686498	0.015637376974423467	16.386161136324517	6517.406512750313	0.06759731757387885	2664853.7936074426	2676403.618346187
162.0	2.0	2.0	1.0	-0.07	0.07	0.0	0.011481408310483636	0.01311859221897671	0.00048427557804009425	-0.033602623818571285	0.03903208392120716	0.002505699244992332	17.49439863488078	8002.165056270314	0.06844911625138621	2676670.7666713335	2689154.2805901263
163.0	2.0	2.0	1.0	-0.3	0.0	0.0	0.08403291622743625	0.004750886836110024	-0.00023875028599196213	-0.250965824107279	0.013831859951890513	0.00033662165289616297	16.273112894850783	8617.514747325913	0.06844426314833642	2689422.1250736592	2703039.2193544395
164.0	2.0	2.0	1.0	0.49	0.49	0.0	-0.15410015792602175	0.15070362847056207	-0.0020846875714214397	0.4611999184766076	0.45146349994024093	-0.005796292057363428	16.11557469004765	13017.177863555844	0.06969309070899715	2703302.708198404	2721806.0175946737
165.0	2.0	2.0	1.0	-0.07	0.07	0.0	0.009997536071382896	0.014931293118539357	0.0022929884795457323	-0.030413408770588582	0.044567294440612026	0.005551430533624613	16.71691844239831	10434.683275278076	0.06779831617289812	2722073.1083016726	2736990.2195032192
166.0	2.0	2.0	1.0	-0.64	0.64	0.0	0.20093596119201979	0.20364585203693875	0.005351247425151362	-0.6022576059253305	0.6109699253843888	0.016511512932354977	5817.136436831788	8467.813340568682	0.06778860716027349	2737241.3700426407	2751357.7707177317
167.0	2.0	2.0	1.0	0.07	0.07	0.0	-0.011648012961560714	0.01386470397481665	0.002021492332460628	0.03497640815825451	0.04279177504662457	0.004828496223749479	4299.7824368212605	4367.082246608334	0.06846331785616348	2751629.673998017	2760474.8956309343
168.0	2.0	2.0	1.0	-0.21	-0.21	0.0	0.06576477180414582	-0.05428714530379475	0.0034805600062195463	-0.19716483831814852	-0.16480359232572106	0.012181208514882025	4532.999877468683	5583.797195824445	0.06776052031023308	2760726.5647336026	2771325.436001556
169.0	2.0	2.0	1.0	0.64	0.64	0.0	-0.19983660894856387	0.20839062108034956	-0.0018636758982558677	0.5986034871856679	0.6249129090524708	-0.0066896772713297414	6449.994384049205	9784.594587094034	0.06900161733713563	2771573.06964646	2786626.3642370757
170.0	2.0	2.0	1.0	-0.21	0.21	0.0	0.058640256926733664	0.05900479968570049	-0.0012475623711388772	-0.17588840150662863	0.17652885995351753	-0.0021862668799536022	12582.653220495558	13933.41713490372	0.06741962645124	2786894.2732675057	2805860.744251302
171.0	2.0	2.0	1.0	-0.0	-0.5	0.0	0.008681725100669512	-0.15270923945086712	0.003879835202673876	-0.025074097094839962	-0.45812771835260135	0.009899977111798242	5150.272847415181	6267.821873887442	0.0686668306785664	2806128.706523828	2817461.3010321627
172.0	2.0	2.0	1.0	0.0	0.3	0.0	0.006637454417969777	0.08363833478258687	-8.934920260372792e-05	-0.02020368671605977	0.2513358049042005	-0.00017649347643100555	4983.57153692632	6351.105247187661	0.06799167669004728	2817729.646939377	2829178.797472967
173.0	2.0	2.0	1.0	-0.49	0.49	0.0	0.15175122764045904	0.15377614149756202	0.0005584954605558634	-0.45606291476068406	0.4599365457290776	0.0025910276954693723	8500.458392401924	11551.808553151204	0.0679838826313641	2829447.3435849794	2846546.3578042546
174.0	2.0	2.0	1.0	-0.7	0.0	0.0	0.21956496906685183	0.004972179374890917	-0.0053861600670179755	-0.6583064759176881	0.014010198464648571	-0.01698246738347553	6350.213989397162	8834.738778314204	0.06857490184726688	2846814.9750272715	2861031.1495329225
175.0	2.0	2.0	1.0	0.64	0.64	0.0	-0.2030128007588128	0.201367912963206	0.016029121843410543	0.608747078814288	0.6060782645775273	0.0469429388879794	4533.333187471726	8134.129922342254	0.06776810747788294	2861295.890295063	2874964.356616896
176.0	2.0	2.0	1.0	-0.07	-0.07	0.0	0.022448636105150542	-0.007827381283759482	0.00490104524313173	-0.06854357143762607	-0.02377346731342922	0.014199588006804209	3950.2795573789626	7717.888827624847	0.06854553954094877	2875233.0613611266	2887698.3865462244
177.0	2.0	2.0	1.0	-0.49	-0.49	0.0	0.16066822341121004	-0.1484277610303354	-0.0017009384297144159	-0.4821665166014915	-0.44453878979884365	-0.004919707026382891	4450.8768897358095	6234.271706722211	0.06861870718370311	2887950.7477959124	2899465.886779624
178.0	2.0	2.0	1.0	0.7	0.0	0.0	-0.2194700515669807	0.002267564721558646	-0.01917064164174831	0.6576009228616351	0.006899801985392862	-0.05732881666248457	10016.712542375899	11467.319210336427	0.07520040920874935	2899734.965677082	2916783.5669420604
179.0	2.0	2.0	1.0	0.21	-0.21	0.0	-0.064255538239202	-0.057049717141456346	-0.0015053711755935728	0.1923458141611663	-0.17001622684933881	-0.00442455939540054	46402.41274134314	47353.40669070138	0.0664705531572195	2917054.6730498755	2969453.0317351893
180.0	2.0	2.0	1.0	0.49	0.49	0.0	-0.1501489593883895	0.15603193459330122	0.002986495765728736	0.4506734630801744	0.46806343450633114	0.009005264362876297	6949.227479330148	10118.020547073684	0.06643771791629094	2969721.9746100893	2985320.590607793
181.0	2.0	2.0	1.0	-0.5	0.0	0.0	0.15213874179390852	0.006193164558674469	-0.006322171358714934	-0.45725782649460484	0.019615310430336708	-0.01965317006149614	5133.71492587612	6767.927628709003	0.06764950915593676	2985590.062256757	2997521.358825339
182.0	2.0	2.0	1.0	-0.07	0.07	0.0	0.009651427613711116	0.01758101487877506	0.001834370946919961	-0.028371635916832304	0.051901443523446056	0.006098214694731041	8866.865631585824	9017.981964789215	0.06694558055565421	2997791.016456904	3011289.947239289
183.0	2.0	2.0	1.0	0.0	0.7	0.0	0.007005282658208332	0.22099371643305643	0.010384077210741305	-0.020918740153908072	0.6619129632712841	0.030740238041013113	5150.045656904695	6918.060806841822	0.06723171131603936	3011561.785243335	3023822.652826639
184.0	2.0	2.0	1.0	-0.35	0.35	0.0	0.10968552237443996	0.10700638233940507	-0.0025429999236235012	-0.3299629067833437	0.32037176154676994	-0.005706363011886761	10016.404394729761	11467.437363986392	0.07818345623048942	3024093.4650090057	3040823.5138166784
185.0	2.0	2.0	1.0	-0.0	-0.3	0.0	-0.008217204445392246	-0.08794706273658992	0.007578805218660722	0.024586874789032178	-0.2647475278697936	0.022232867933391187	5050.0107213592855	5867.526781497872	0.0669978181237624	3041081.640162316	3051874.81802878
186.0	2.0	2.0	1.0	-0.0	-0.7	0.0	0.006629426838123826	-0.22014363996538772	0.0037610666057091846	-0.019661695599365515	-0.6602043349811573	0.012839620050590583	4766.789852787042	7034.566507383715	0.06593910190603645	3052144.156207869	3064691.6776797445
187.0	2.0	2.0	1.0	-0.1	0.0	0.0	0.01989147967757686	0.005379891955047067	0.0030531090257974736	-0.05948022339129673	0.01659284569515329	0.010898855573615807	17844.581269295304	17978.686393951648	0.06584185436258111	3064964.1757396893	3087692.9999795686
188.0	2.0	2.0	1.0	0.9	0.0	0.0	-0.2883328433856988	0.009634865335399145	-0.019652819104202246	0.8650632687042408	0.029163550194775678	-0.05831757839294549	13999.632775521604	24401.991910111974	0.06530747427568716	3087962.9522659234	3118111.5118853776
189.0	2.0	2.0	1.0	0.64	-0.64	0.0	-0.20202783073840294	-0.2032392184325757	-0.004127306019580335	0.606212969309498	-0.6090702698262815	-0.012198809795980647	6050.336373242317	8134.34945474728	0.06616938592809979	3118381.7132425318	3132276.9623717032
190.0	2.0	2.0	1.0	0.0	0.1	0.0	-0.00017886721088187471	0.018136261212995053	0.0025746852827837063	0.0011516178305191987	0.05424693727112351	0.009967132067165485	89.78073016623966	9485.03350604733	0.06553929939214272	3132529.583267693	3146479.4963299353
191.0	2.0	2.0	1.0	0.0	0.9	0.0	0.0058741869471353285	0.28848001028799275	0.016101289387470796	-0.01752545302068906	0.8646307990246713	0.046976333257399805	10633.625216622022	13034.660228018765	0.0652271703914672	3146749.817299438	3166030.8242457104
192.0	2.0	2.0	1.0	-0.3	0.0	0.0	0.087453032093568	0.0031923494726391333	0.00024106965754933096	-0.2614203873471078	0.00967415623863399	0.0008605401697182602	5866.934554549516	6584.348944204976	0.06500048086190624	3166301.2764970483	3177947.9139316245
193.0	2.0	2.0	1.0	0.21	0.21	0.0	-0.05572047292220918	0.0627998920066557	0.013135660334296362	0.16651403329518194	0.1878170290956659	0.0380794460978765	8873.65253783355	10477.267456109985	0.06518853457533495	3178218.715903189	3193982.2087585344
194.0	2.0	2.0	1.0	-0.64	-0.64	0.0	0.20414505636885497	-0.2027819323099378	0.0032411688412041784	-0.6132444009458721	-0.6076013036376509	0.008807965209810753	4399.456712009851	6617.7703822468175	0.06470227664843341	3194252.8236534856	3206216.683222752
195.0	2.0	2.0	1.0	-0.21	0.21	0.0	0.05542043673058812	0.06781758797506987	-0.00018788433649108427	-0.16580814036175245	0.20351750247235434	-0.001570748454655213	7566.466534801293	8700.581140932627	0.06603522627787593	3206486.365652003	3220116.800355332
196.0	2.0	2.0	1.0	0.07	-0.07	0.0	-0.01353907447756396	-0.011426073037310691	0.0031293812467773074	0.041005654715559246	-0.03460191184765504	0.009113481346191388	5483.471981540788	5834.294243439217	0.06408223040953838	3220387.5713297892	3231085.2584355744
197.0	2.0	2.0	1.0	0.0	0.9	0.0	0.006689029460528214	0.2860206684102784	0.016285114824260427	-0.019452072183711068	0.858741759975853	0.04931311512968217	5166.942358526285	7290.797289184411	0.0655084246922064	3231359.185644178	3244252.130777124
198.0	2.0	2.0	1.0	0.0	0.9	0.0	-0.005392095171187191	0.2864007430256841	0.009857557030716446	0.01672656316429042	0.8589109056149018	0.03044243534026103	4566.964676443604	6617.753607337363	0.06514767921781293	3244524.6324837934	3256635.656438346
199.0	2.0	2.0	1.0	0.49	-0.49	0.0	-0.1478417369118253	-0.1593503839660214	0.006232837415250492	0.44336336436761453	-0.4784072139073594	0.01796607919471005	5400.681644459837	8134.2936599685345	0.06528088968415553	3256906.7056573695	3270336.407516312
200.0	2.0	2.0	1.0	-0.9	0.0	0.0	0.2910054340377094	0.015690012706442547	-0.007601640344732541	-0.8720128546323875	0.04626080628002038	-0.022713366902817445	8360.762120239087	11261.589998088311	0.06423666514641785	3270607.450535914	3287337.247720061
